15 PA3-B-Debug-Output.txt 0
  -16.41   -20.79    -9.80       -15.95   -21.60    -8.56     1.547
  -43.36   -19.31   -27.35       -41.90   -18.55   -27.39     1.639
   -6.02     0.85   -31.79        -5.51     1.13   -31.90     0.591
   -4.22   -27.05   -29.06        -5.04   -26.15   -28.85     1.238
  -34.81     4.93   -35.25       -34.77     4.89   -35.23     0.062
   26.25    20.83     1.06        27.74    22.62     1.25     2.342
    0.55    -8.76    48.36         1.13    -6.74    48.33     2.102
   17.26     5.34   -28.81        19.92     6.09   -27.50     3.060
  -12.69    -3.19   -47.65       -13.00    -3.42   -46.90     0.841
   24.11   -10.78     1.59        23.89   -10.07     1.26     0.807
  -12.67   -28.89   -41.76       -13.37   -26.78   -40.06     2.799
   31.51    -9.62   -20.82        30.86    -8.92   -20.30     1.090
  -43.42    -8.58   -34.75       -41.00    -7.56   -33.51     2.908
  -16.70    17.72    20.61       -15.99    17.39    20.96     0.856
   -6.82    11.36    44.01        -6.68    11.34    43.99     0.146
