200 PA4-F-Debug-Answer.txt 0
   23.84     5.12    41.41        23.85     5.12    41.41     0.011
  -32.14    -4.61    -9.52       -32.15    -4.60    -9.50     0.023
   -0.60    -3.60   -27.62        -0.55    -3.57   -27.66     0.067
   33.49    -7.18   -12.96        33.42    -7.11   -12.97     0.098
   25.07    24.20     2.93        25.01    24.06     2.92     0.151
  -10.44   -29.19   -21.02       -10.48   -29.11   -21.04     0.091
   -8.89    24.47    22.44        -8.89    24.58    22.41     0.114
   -5.93    -0.08    55.27        -5.93    -0.08    55.27     0.001
   13.93    11.63    63.20        13.93    11.63    63.13     0.065
   -2.95    13.30     2.67        -2.90    13.26     2.69     0.062
   19.67    -8.87   -22.63        19.67    -8.87   -22.63     0.001
   -3.48    -4.41    48.59        -3.41    -4.32    48.58     0.117
   25.82     8.12    31.66        25.85     8.12    31.67     0.030
  -15.57     4.69   -42.46       -15.58     4.68   -42.45     0.014
  -11.81     6.07    -3.53       -11.79     6.04    -3.53     0.042
  -26.37    -2.60    -9.98       -26.36    -2.62   -10.00     0.028
   -6.67     2.68    46.31        -6.61     2.68    46.31     0.064
  -11.43    23.90    22.71       -11.48    24.07    22.65     0.183
   -8.43     6.07   -33.26        -8.31     6.18   -33.26     0.169
   28.56    14.80    16.99        28.59    14.82    17.01     0.047
  -19.20   -10.49    -3.18       -19.23   -10.50    -3.12     0.068
  -11.05     8.67   -18.02       -11.04     8.72   -18.00     0.046
   19.29    26.16    -8.35        19.28    26.13    -8.35     0.025
   22.23   -15.60   -14.22        22.24   -15.67   -14.22     0.069
   -8.59   -14.22   -44.99        -8.60   -14.22   -44.98     0.022
  -27.03   -31.03   -19.60       -27.04   -31.05   -19.59     0.025
   -8.39    10.25     7.19        -8.47    10.33     7.16     0.111
   -6.62     3.62    47.22        -6.70     3.62    47.22     0.082
   -6.67    13.31     8.93        -6.66    13.31     8.93     0.003
  -21.78     4.95   -13.71       -21.78     4.97   -13.69     0.026
   35.14     0.17    11.85        35.12     0.17    11.82     0.035
   29.73    -7.69   -23.46        29.66    -7.58   -23.39     0.150
   30.95    -8.52    -2.74        31.03    -8.64    -2.72     0.144
  -30.41   -24.31   -11.24       -30.39   -24.28   -11.26     0.035
   12.88    26.72     8.08        12.87    26.65     8.07     0.068
   16.99     2.46   -22.11        16.98     2.46   -22.13     0.025
  -24.45   -30.98   -34.63       -24.46   -31.06   -34.66     0.084
    7.65    23.64    24.02         7.65    23.54    24.00     0.103
   20.10     1.10    57.16        20.27     1.02    57.19     0.192
   -5.49     4.06   -28.18        -5.48     4.07   -28.18     0.013
    9.77    -6.81    27.40         9.78    -6.88    27.40     0.074
  -11.99   -23.20   -43.01       -11.98   -23.22   -43.03     0.025
   -4.84     0.28    63.16        -4.84     0.28    63.14     0.021
   17.36    -2.66    60.16        17.32    -2.64    60.16     0.042
  -25.96    -9.35    -6.42       -25.95    -9.36    -6.47     0.047
  -27.53     3.63   -42.31       -27.52     3.62   -42.31     0.013
   -3.30   -21.56   -15.48        -3.31   -21.55   -15.48     0.009
   12.26    21.72   -14.62        12.17    21.74   -14.64     0.093
   -7.74    -3.40    24.49        -7.84    -3.44    24.51     0.107
  -15.35    -1.01     4.40       -15.20    -1.02     4.34     0.156
  -39.27    -2.44   -37.44       -39.27    -2.44   -37.44     0.009
   -6.59    -2.77   -41.40        -6.60    -2.77   -41.40     0.006
  -39.82   -12.25   -35.87       -39.85   -12.26   -35.86     0.028
   -5.38     8.45   -13.69        -5.40     8.52   -13.70     0.075
  -29.75     0.95   -43.14       -29.80     1.01   -43.22     0.109
    5.62     4.67    63.37         5.62     4.67    63.32     0.053
   -1.06    10.77    63.26        -1.06    10.77    63.31     0.049
  -43.43    -9.73   -21.64       -43.45    -9.73   -21.63     0.028
  -38.39   -18.98   -14.70       -38.38   -18.96   -14.72     0.025
   26.53    10.48    27.79        26.48    10.46    27.78     0.048
   -2.77    14.58     4.66        -2.76    14.57     4.67     0.018
   -1.24   -10.96    10.15        -1.25   -11.10    10.17     0.143
   -6.66    13.74     9.50        -6.67    13.75     9.50     0.002
    6.52    -6.16   -23.29         6.53    -6.16   -23.31     0.014
   27.38    -3.20    18.86        27.32    -3.14    18.83     0.084
   29.59     7.84    19.94        29.66     7.85    19.97     0.078
   12.61    17.87   -15.29        12.59    17.85   -15.29     0.023
    1.19    16.14     1.71         1.14    16.23     1.66     0.119
   15.38    19.57   -30.75        15.38    19.59   -30.77     0.026
  -12.30    10.16   -25.77       -12.30    10.16   -25.77     0.003
  -16.29   -12.45    -3.16       -16.29   -12.45    -3.16     0.006
   -5.54    -0.29    61.33        -5.59    -0.30    61.32     0.053
   -9.30     2.37    23.37        -9.34     2.36    23.38     0.044
  -22.10     5.59   -14.10       -22.10     5.50   -14.19     0.126
   22.21    25.14   -11.81        22.22    25.18   -11.81     0.044
   17.46   -15.79   -14.98        17.45   -15.81   -14.99     0.026
   11.83   -10.47   -20.71        11.82   -10.44   -20.69     0.042
   -3.02     9.66    -7.79        -3.04     9.71    -7.81     0.057
  -10.95   -27.03   -38.21       -11.01   -26.94   -38.15     0.128
   -4.56   -12.14   -41.45        -4.50   -12.15   -41.50     0.076
   36.80    -1.66   -13.64        36.75    -1.62   -13.62     0.062
   -2.37    -1.74   -28.90        -2.37    -1.74   -28.89     0.004
  -25.74    -4.27   -47.43       -25.73    -4.27   -47.45     0.017
   -2.89     8.73   -14.77        -2.89     8.73   -14.77     0.001
    7.76    25.16    10.74         7.71    25.34    10.74     0.191
  -30.28     8.30   -33.65       -30.27     8.27   -33.64     0.033
   28.32    18.86   -22.43        28.35    18.88   -22.46     0.049
   32.81    14.55    11.30        32.84    14.57    11.32     0.044
   21.11    11.94    56.68        21.05    11.92    56.68     0.060
  -33.00   -28.71   -22.11       -32.99   -28.68   -22.11     0.030
   10.98    26.56     1.65        10.92    26.68     1.63     0.137
    4.02    22.90     5.90         4.06    22.87     5.91     0.047
  -40.39   -11.19   -31.96       -40.34   -11.16   -31.92     0.074
   22.16    -6.84    12.98        22.15    -6.81    12.97     0.035
   12.45    22.44    33.58        12.46    22.36    33.57     0.076
   -0.27     4.99   -21.76        -0.26     5.01   -21.77     0.026
   -8.73     9.63    35.55        -8.65     9.67    35.52     0.093
  -34.90    -3.48   -43.13       -34.93    -3.45   -43.20     0.077
   18.05    15.94    57.90        18.30    16.17    57.94     0.337
    4.50   -15.02    -4.04         4.50   -15.13    -4.00     0.121
   11.01    24.23    19.43        11.01    24.27    19.44     0.037
   26.09    23.61   -15.00        26.02    23.47   -15.01     0.165
  -32.53    -2.24   -43.97       -32.51    -2.25   -43.94     0.034
  -13.68     2.32     5.13       -13.67     2.31     5.13     0.017
  -18.62    -5.70    -1.98       -18.61    -5.69    -2.00     0.025
   38.25    11.26     0.36        38.23    11.24     0.36     0.032
   33.79     2.07   -23.07        33.76     2.07   -23.04     0.041
   18.19    -1.85    59.55        18.10    -1.78    59.54     0.115
  -26.81     3.97   -42.41       -26.78     3.91   -42.35     0.087
  -37.70   -14.53   -11.34       -37.68   -14.52   -11.35     0.034
   -6.48    19.40    13.56        -6.49    19.41    13.54     0.021
   -6.19   -11.62     3.85        -6.20   -11.65     3.87     0.035
    9.67   -16.18    -6.53         9.66   -16.21    -6.53     0.029
   21.64    -2.91    34.02        21.60    -2.88    34.00     0.049
   -3.75    -2.21   -34.44        -3.84    -2.24   -34.42     0.102
   10.41    -4.36    63.31        10.41    -4.36    63.36     0.047
   14.48    18.37    62.22        14.47    18.36    62.20     0.023
    2.16    -8.08    26.96         2.17    -8.12    26.97     0.047
   14.37     1.61    62.97        14.37     1.61    63.00     0.033
  -16.78     5.94   -41.78       -16.78     5.95   -41.78     0.002
  -15.89    19.91    26.66       -15.89    19.91    26.66     0.001
    0.04   -12.44   -32.06         0.08   -12.42   -32.06     0.041
   15.31   -17.01   -10.53        15.31   -17.05   -10.54     0.044
  -26.20   -29.17   -15.39       -26.19   -29.14   -15.40     0.035
   24.05    -6.14    13.27        24.07    -6.21    13.28     0.072
   29.12    -9.33     0.91        29.11    -9.32     0.91     0.013
   -7.28    25.13    25.33        -7.28    25.07    25.33     0.061
  -28.80     3.55   -13.94       -28.79     3.57   -13.83     0.109
   31.78    -7.57    -1.58        31.83    -7.61    -1.57     0.058
  -36.80   -25.59   -29.53       -36.84   -25.63   -29.54     0.066
   -8.20     5.71    30.51        -8.23     5.70    30.51     0.028
   10.51    26.45     5.11        10.52    26.41     5.11     0.036
   -8.16     1.01    27.05        -8.13     1.01    27.05     0.034
   14.09    -3.12   -22.23        14.09    -3.13   -22.16     0.066
    5.27   -10.23    15.18         5.23   -10.13    15.16     0.113
   38.49     4.02   -12.29        38.44     4.02   -12.26     0.049
   35.12    -4.11    -7.85        35.07    -4.06    -7.86     0.075
  -19.20   -21.21   -46.45       -19.18   -21.24   -46.53     0.084
  -11.94   -13.13   -47.09       -11.93   -13.14   -47.14     0.056
    6.06   -12.29     5.67         6.05   -12.46     5.71     0.174
   21.65     8.10    57.77        21.62     8.10    57.77     0.026
    1.72    10.56   -10.19         1.77    10.41   -10.13     0.169
  -12.25    11.48    32.82       -12.12    11.63    32.76     0.210
   -4.42    10.85    -1.06        -4.45    10.87    -1.06     0.037
  -11.27   -16.11   -46.02       -11.27   -16.11   -46.02     0.002
   19.79   -10.94     2.93        19.77   -10.90     2.91     0.061
   -6.59     2.83    48.12        -6.61     2.83    48.12     0.023
   11.88    24.20    19.39        11.89    24.23    19.39     0.033
  -18.62     5.40   -13.10       -18.61     5.36   -13.13     0.051
    1.76   -17.99   -10.92         1.80   -18.18   -10.86     0.206
  -38.03   -17.45   -13.08       -38.00   -17.44   -13.10     0.039
   -0.32    -0.46   -25.44        -0.32    -0.45   -25.44     0.008
   -5.27     0.13    62.73        -5.29     0.13    62.75     0.016
   -3.98    -5.12    34.10        -4.03    -5.16    34.12     0.065
   16.45    18.24    56.51        16.39    18.15    56.50     0.106
   -3.29     2.96   -26.26        -3.24     3.00   -26.29     0.065
   24.90     9.47    34.37        25.04     9.48    34.40     0.147
    1.93   -18.34   -11.73         1.95   -18.42   -11.71     0.089
   -1.58    19.43     8.94        -1.47    19.32     9.03     0.180
   34.35    16.57     4.20        34.33    16.55     4.20     0.031
  -26.07    -0.38   -11.75       -26.11    -0.30   -11.66     0.126
   -3.34   -21.80   -15.71        -3.37   -21.75   -15.73     0.062
   12.82   -17.10    -8.49        12.84   -17.06    -8.48     0.046
   -3.13    16.36     8.21        -3.13    16.36     8.21     0.001
   -7.36    24.74    28.06        -7.35    24.87    28.09     0.134
   -2.36    -2.25    63.42        -2.36    -2.25    63.43     0.017
   -3.55    -4.94    39.09        -3.57    -4.97    39.10     0.032
   25.15    -6.89    10.96        25.15    -6.79    10.93     0.101
   -3.26    22.40    34.13        -3.24    22.55    34.18     0.158
  -29.08     2.32   -42.64       -29.09     2.33   -42.66     0.026
  -35.85   -17.76   -42.27       -35.78   -17.71   -42.20     0.104
  -41.42    -1.26   -31.35       -41.39    -1.27   -31.34     0.033
   10.81    -7.43    21.69        10.80    -7.33    21.67     0.101
  -40.01   -17.71   -16.54       -40.09   -17.74   -16.50     0.094
  -15.14    10.61   -32.28       -15.16    10.55   -32.26     0.064
   27.69    -1.68    20.41        27.66    -1.66    20.39     0.044
    1.11   -11.63     8.45         1.11   -11.64     8.45     0.007
  -14.35    -5.46     4.23       -14.32    -5.45     4.20     0.044
  -13.85    -0.74     7.20       -13.90    -0.75     7.22     0.056
   27.52    22.45   -14.41        27.59    22.55   -14.41     0.113
   15.26     9.60    63.10        15.26     9.60    63.17     0.071
  -41.09   -17.75   -30.24       -41.09   -17.76   -30.24     0.008
   -4.99    -2.75    56.79        -4.77    -2.59    56.79     0.276
  -31.74     7.76   -33.43       -31.67     7.66   -33.38     0.133
   -0.30    -5.95    53.17        -0.37    -6.13    53.15     0.194
   -2.29    -7.22   -34.86        -2.28    -7.22   -34.86     0.010
   10.74    -6.63    32.44        10.73    -6.49    32.44     0.144
   -3.44   -23.36   -19.46        -3.41   -23.40   -19.45     0.054
  -18.84     5.50   -13.10       -18.78     5.37   -13.22     0.189
   27.99     7.03    24.77        27.95     7.02    24.76     0.038
   17.54    10.05    63.19        17.54    10.05    63.16     0.021
  -32.06   -27.74   -16.98       -32.04   -27.69   -17.00     0.053
  -30.67   -28.20   -16.70       -30.66   -28.19   -16.70     0.014
   -6.78   -20.59   -10.35        -6.79   -20.58   -10.37     0.022
   -0.37    -1.54   -26.56        -0.41    -1.57   -26.51     0.069
   -5.14   -23.49   -16.62        -5.10   -23.55   -16.59     0.076
   21.13    -6.91    12.82        21.19    -7.12    12.87     0.227
   13.36    -6.09    41.81        13.39    -6.18    41.81     0.096
   23.82    19.80   -25.98        23.83    19.80   -25.99     0.005
   -7.04     5.62    39.00        -7.12     5.61    39.00     0.080
