200 PA4-F-Debug-Output.txt 0
   23.81     5.14    41.42        23.85     5.14    41.42     0.034
  -32.14    -4.60    -9.53       -32.15    -4.59    -9.51     0.027
   -0.59    -3.61   -27.62        -0.54    -3.58   -27.65     0.069
   33.49    -7.20   -12.94        33.41    -7.12   -12.95     0.114
   25.08    24.19     2.92        25.01    24.06     2.91     0.150
  -10.44   -29.19   -21.00       -10.49   -29.11   -21.02     0.095
   -8.89    24.49    22.42        -8.89    24.58    22.39     0.084
   -5.96    -0.03    55.27        -5.95    -0.03    55.27     0.014
   13.90    11.67    63.20        13.90    11.67    63.13     0.067
   -2.94    13.31     2.66        -2.90    13.27     2.69     0.070
   19.68    -8.89   -22.61        19.68    -8.89   -22.61     0.001
   -3.51    -4.37    48.59        -3.45    -4.29    48.59     0.103
   25.81     8.14    31.67        25.85     8.14    31.68     0.041
  -15.56     4.67   -42.47       -15.56     4.66   -42.46     0.018
  -11.81     6.08    -3.54       -11.79     6.04    -3.54     0.050
  -26.37    -2.59    -9.99       -26.36    -2.61   -10.01     0.026
   -6.69     2.72    46.30        -6.61     2.73    46.30     0.084
  -11.43    23.93    22.69       -11.47    24.07    22.64     0.151
   -8.42     6.05   -33.26        -8.30     6.17   -33.27     0.166
   28.55    14.80    17.00        28.59    14.83    17.02     0.046
  -19.21   -10.47    -3.18       -19.24   -10.49    -3.12     0.069
  -11.04     8.67   -18.03       -11.03     8.72   -18.01     0.049
   19.30    26.15    -8.36        19.30    26.13    -8.35     0.019
   22.22   -15.62   -14.19        22.23   -15.67   -14.20     0.057
   -8.57   -14.24   -44.99        -8.59   -14.23   -44.97     0.030
  -27.04   -31.02   -19.59       -27.05   -31.05   -19.58     0.026
   -8.40    10.27     7.18        -8.46    10.34     7.16     0.097
   -6.64     3.66    47.21        -6.70     3.66    47.21     0.062
   -6.67    13.33     8.92        -6.66    13.32     8.93     0.019
  -21.77     4.96   -13.72       -21.78     4.98   -13.70     0.033
   35.13     0.17    11.86        35.10     0.17    11.84     0.041
   29.73    -7.72   -23.43        29.66    -7.59   -23.36     0.161
   30.94    -8.53    -2.71        31.02    -8.64    -2.70     0.137
  -30.42   -24.29   -11.24       -30.40   -24.27   -11.26     0.033
   12.88    26.73     8.07        12.87    26.66     8.06     0.072
   17.00     2.44   -22.11        16.98     2.44   -22.14     0.037
  -24.45   -30.99   -34.62       -24.46   -31.06   -34.65     0.082
    7.64    23.65    24.01         7.64    23.54    23.98     0.119
   20.07     1.14    57.17        20.28     1.03    57.20     0.234
   -5.48     4.05   -28.18        -5.47     4.05   -28.18     0.007
    9.75    -6.79    27.41         9.76    -6.88    27.42     0.095
  -11.98   -23.22   -43.00       -11.97   -23.23   -43.01     0.017
   -4.87     0.33    63.15        -4.87     0.33    63.13     0.029
   17.32    -2.62    60.17        17.33    -2.63    60.17     0.007
  -25.97    -9.34    -6.43       -25.96    -9.34    -6.47     0.045
  -27.51     3.62   -42.33       -27.50     3.62   -42.32     0.010
   -3.31   -21.56   -15.46        -3.32   -21.55   -15.47     0.013
   12.27    21.71   -14.63        12.17    21.74   -14.65     0.107
   -7.76    -3.37    24.49        -7.85    -3.42    24.51     0.103
  -15.35    -0.99     4.39       -15.20    -1.01     4.34     0.161
  -39.26    -2.44   -37.46       -39.26    -2.44   -37.46     0.005
   -6.58    -2.78   -41.40        -6.58    -2.79   -41.40     0.006
  -39.82   -12.25   -35.87       -39.85   -12.26   -35.87     0.036
   -5.37     8.45   -13.70        -5.39     8.52   -13.71     0.077
  -29.74     0.94   -43.16       -29.78     1.00   -43.24     0.111
    5.59     4.72    63.37         5.59     4.71    63.32     0.054
   -1.09    10.82    63.25        -1.09    10.82    63.31     0.054
  -43.42    -9.72   -21.65       -43.46    -9.72   -21.64     0.034
  -38.40   -18.96   -14.71       -38.38   -18.95   -14.72     0.021
   26.52    10.49    27.80        26.48    10.48    27.79     0.042
   -2.77    14.59     4.65        -2.76    14.57     4.66     0.028
   -1.25   -10.94    10.16        -1.27   -11.10    10.18     0.154
   -6.67    13.76     9.49        -6.66    13.75     9.50     0.014
    6.53    -6.17   -23.29         6.54    -6.17   -23.31     0.022
   27.36    -3.19    18.88        27.31    -3.14    18.85     0.076
   29.58     7.85    19.95        29.65     7.86    19.98     0.083
   12.62    17.86   -15.30        12.60    17.84   -15.29     0.028
    1.20    16.14     1.70         1.14    16.23     1.65     0.112
   15.40    19.55   -30.75        15.39    19.58   -30.78     0.041
  -12.29    10.15   -25.78       -12.29    10.15   -25.78     0.001
  -16.30   -12.44    -3.15       -16.30   -12.44    -3.16     0.005
   -5.57    -0.24    61.33        -5.59    -0.25    61.32     0.020
   -9.31     2.40    23.36        -9.35     2.39    23.37     0.038
  -22.10     5.60   -14.11       -22.10     5.51   -14.20     0.122
   22.22    25.12   -11.81        22.24    25.17   -11.81     0.051
   17.46   -15.80   -14.96        17.45   -15.82   -14.97     0.023
   11.83   -10.48   -20.70        11.82   -10.45   -20.67     0.043
   -3.02     9.66    -7.80        -3.03     9.71    -7.81     0.055
  -10.95   -27.05   -38.20       -11.01   -26.95   -38.13     0.133
   -4.55   -12.17   -41.44        -4.50   -12.17   -41.49     0.070
   36.80    -1.68   -13.62        36.75    -1.64   -13.59     0.069
   -2.36    -1.76   -28.89        -2.36    -1.76   -28.89     0.006
  -25.72    -4.29   -47.44       -25.72    -4.28   -47.45     0.013
   -2.88     8.73   -14.78        -2.88     8.73   -14.78     0.001
    7.76    25.17    10.73         7.71    25.34    10.73     0.183
  -30.26     8.30   -33.67       -30.25     8.27   -33.66     0.033
   28.34    18.84   -22.43        28.37    18.86   -22.46     0.049
   32.81    14.55    11.31        32.84    14.57    11.33     0.044
   21.08    11.97    56.68        21.04    11.96    56.68     0.047
  -33.01   -28.70   -22.10       -32.99   -28.68   -22.11     0.029
   10.99    26.56     1.64        10.93    26.68     1.62     0.137
    4.02    22.91     5.89         4.06    22.88     5.89     0.050
  -40.39   -11.19   -31.97       -40.33   -11.16   -31.93     0.073
   22.14    -6.84    13.00        22.13    -6.81    12.99     0.031
   12.44    22.46    33.57        12.45    22.37    33.56     0.098
   -0.26     4.98   -21.76        -0.25     5.00   -21.77     0.026
   -8.75     9.66    35.54        -8.67     9.70    35.51     0.089
  -34.88    -3.48   -43.15       -34.92    -3.46   -43.21     0.076
   18.02    15.98    57.90        18.27    16.20    57.93     0.331
    4.49   -15.02    -4.02         4.49   -15.12    -3.98     0.117
   11.00    24.24    19.42        11.01    24.27    19.43     0.025
   26.10    23.60   -15.01        26.04    23.46   -15.01     0.156
  -32.51    -2.25   -43.98       -32.49    -2.26   -43.95     0.036
  -13.69     2.33     5.12       -13.66     2.32     5.12     0.026
  -18.63    -5.68    -1.98       -18.62    -5.68    -2.00     0.021
   38.25    11.25     0.37        38.23    11.23     0.37     0.027
   33.80     2.05   -23.05        33.77     2.05   -23.03     0.038
   18.16    -1.82    59.56        18.11    -1.77    59.56     0.066
  -26.79     3.96   -42.43       -26.77     3.90   -42.36     0.086
  -37.71   -14.51   -11.34       -37.68   -14.51   -11.36     0.032
   -6.48    19.42    13.55        -6.48    19.42    13.55     0.001
   -6.20   -11.61     3.86        -6.21   -11.65     3.88     0.039
    9.66   -16.19    -6.52         9.66   -16.21    -6.51     0.024
   21.61    -2.90    34.03        21.60    -2.88    34.02     0.025
   -3.74    -2.23   -34.44        -3.84    -2.26   -34.42     0.109
   10.37    -4.31    63.32        10.37    -4.31    63.36     0.039
   14.45    18.41    62.22        14.44    18.40    62.19     0.028
    2.14    -8.05    26.96         2.15    -8.12    26.98     0.071
   14.33     1.66    62.98        14.33     1.66    63.00     0.027
  -16.77     5.93   -41.79       -16.77     5.93   -41.79     0.005
  -15.90    19.94    26.64       -15.88    19.93    26.64     0.019
    0.05   -12.45   -32.05         0.09   -12.44   -32.05     0.043
   15.31   -17.02   -10.51        15.30   -17.06   -10.52     0.040
  -26.21   -29.16   -15.38       -26.20   -29.13   -15.39     0.034
   24.03    -6.14    13.29        24.06    -6.21    13.30     0.077
   29.11    -9.34     0.93        29.10    -9.32     0.92     0.023
   -7.28    25.16    25.31        -7.28    25.07    25.31     0.087
  -28.80     3.56   -13.96       -28.79     3.58   -13.84     0.121
   31.78    -7.58    -1.56        31.82    -7.61    -1.55     0.055
  -36.80   -25.58   -29.53       -36.84   -25.63   -29.54     0.067
   -8.22     5.74    30.50        -8.24     5.73    30.50     0.022
   10.52    26.45     5.10        10.52    26.41     5.10     0.039
   -8.18     1.04    27.05        -8.13     1.04    27.04     0.045
   14.09    -3.14   -22.22        14.09    -3.14   -22.16     0.055
    5.25   -10.22    15.19         5.22   -10.13    15.17     0.099
   38.49     4.00   -12.27        38.45     4.00   -12.25     0.041
   35.12    -4.13    -7.83        35.06    -4.06    -7.84     0.087
  -19.19   -21.22   -46.44       -19.18   -21.25   -46.52     0.082
  -11.93   -13.16   -47.09       -11.91   -13.16   -47.14     0.055
    6.05   -12.28     5.68         6.03   -12.45     5.72     0.177
   21.62     8.13    57.78        21.62     8.13    57.78     0.002
    1.72    10.56   -10.20         1.78    10.41   -10.14     0.167
  -12.27    11.51    32.81       -12.14    11.65    32.75     0.192
   -4.42    10.85    -1.06        -4.44    10.88    -1.07     0.031
  -11.26   -16.13   -46.01       -11.26   -16.13   -46.01     0.005
   19.78   -10.95     2.95        19.75   -10.89     2.93     0.064
   -6.61     2.87    48.12        -6.62     2.87    48.12     0.002
   11.88    24.21    19.38        11.88    24.23    19.38     0.021
  -18.62     5.40   -13.11       -18.60     5.37   -13.14     0.045
    1.75   -17.99   -10.91         1.79   -18.18   -10.85     0.201
  -38.04   -17.44   -13.09       -38.01   -17.42   -13.10     0.035
   -0.32    -0.47   -25.44        -0.31    -0.46   -25.44     0.008
   -5.31     0.18    62.73        -5.31     0.18    62.74     0.003
   -4.01    -5.09    34.10        -4.05    -5.13    34.13     0.068
   16.43    18.27    56.51        16.35    18.18    56.49     0.121
   -3.28     2.95   -26.26        -3.23     2.99   -26.29     0.064
   24.88     9.49    34.38        25.04     9.50    34.41     0.160
    1.92   -18.34   -11.72         1.94   -18.42   -11.69     0.083
   -1.58    19.45     8.93        -1.46    19.33     9.03     0.193
   34.35    16.56     4.21        34.33    16.54     4.21     0.028
  -26.06    -0.37   -11.77       -26.10    -0.29   -11.67     0.128
   -3.34   -21.80   -15.69        -3.38   -21.75   -15.72     0.067
   12.82   -17.11    -8.47        12.83   -17.06    -8.46     0.048
   -3.13    16.37     8.20        -3.12    16.37     8.20     0.012
   -7.37    24.76    28.04        -7.36    24.87    28.07     0.111
   -2.39    -2.20    63.42        -2.39    -2.20    63.43     0.015
   -3.58    -4.91    39.10        -3.60    -4.94    39.10     0.039
   25.14    -6.89    10.98        25.14    -6.79    10.95     0.104
   -3.27    22.44    34.11        -3.25    22.56    34.16     0.136
  -29.06     2.31   -42.66       -29.07     2.32   -42.68     0.028
  -35.84   -17.76   -42.27       -35.77   -17.71   -42.21     0.104
  -41.41    -1.26   -31.37       -41.39    -1.27   -31.36     0.031
   10.79    -7.42    21.70        10.78    -7.33    21.69     0.085
  -40.01   -17.70   -16.54       -40.10   -17.73   -16.51     0.097
  -15.12    10.60   -32.29       -15.15    10.54   -32.28     0.066
   27.68    -1.68    20.42        27.65    -1.66    20.41     0.035
    1.10   -11.62     8.46         1.10   -11.63     8.46     0.014
  -14.36    -5.45     4.23       -14.32    -5.43     4.20     0.045
  -13.85    -0.73     7.19       -13.90    -0.74     7.21     0.054
   27.54    22.44   -14.41        27.60    22.54   -14.41     0.119
   15.23     9.64    63.11        15.23     9.64    63.17     0.069
  -41.08   -17.75   -30.24       -41.09   -17.75   -30.25     0.008
   -5.02    -2.70    56.79        -4.80    -2.54    56.79     0.276
  -31.72     7.76   -33.45       -31.66     7.66   -33.40     0.131
   -0.33    -5.91    53.17        -0.42    -6.11    53.15     0.221
   -2.28    -7.24   -34.85        -2.28    -7.23   -34.85     0.006
   10.72    -6.61    32.45        10.71    -6.49    32.45     0.120
   -3.45   -23.36   -19.44        -3.42   -23.40   -19.43     0.049
  -18.84     5.51   -13.11       -18.78     5.38   -13.23     0.183
   27.97     7.04    24.78        27.94     7.03    24.77     0.031
   17.51    10.09    63.19        17.51    10.09    63.17     0.021
  -32.07   -27.73   -16.98       -32.05   -27.69   -16.99     0.050
  -30.68   -28.19   -16.69       -30.67   -28.18   -16.70     0.017
   -6.79   -20.59   -10.34        -6.80   -20.57   -10.36     0.027
   -0.36    -1.55   -26.56        -0.40    -1.58   -26.51     0.066
   -5.14   -23.49   -16.60        -5.11   -23.55   -16.57     0.072
   21.11    -6.90    12.84        21.18    -7.12    12.89     0.232
   13.33    -6.06    41.82        13.37    -6.18    41.82     0.130
   23.84    19.78   -25.98        23.85    19.78   -25.99     0.008
   -7.06     5.66    38.99        -7.13     5.64    38.99     0.068
