75 PA4-A-Debug-Output.txt 0
   -8.50   -19.55    -8.68        -8.50   -19.55    -8.68     0.000
    3.30    18.50    60.47         3.30    18.50    60.47     0.000
   38.37     4.23   -12.32        38.37     4.23   -12.32     0.000
  -14.32   -28.19   -38.49       -14.32   -28.19   -38.49     0.000
  -18.71   -32.61   -28.06       -18.71   -32.61   -28.06     0.000
  -12.81    23.66    24.60       -12.81    23.66    24.60     0.000
   21.21    -7.71    10.72        21.21    -7.71    10.72     0.000
   23.59    -6.15    14.24        23.59    -6.15    14.24     0.000
   16.94    -3.21    59.03        16.94    -3.21    59.03     0.000
   38.68     2.66   -11.84        38.68     2.66   -11.84     0.000
    3.54   -14.21   -23.99         3.54   -14.21   -23.99     0.000
   26.09   -12.15   -19.93        26.09   -12.15   -19.93     0.000
   -5.34    -1.64    51.16        -5.34    -1.64    51.16     0.000
  -39.98    -7.70   -38.31       -39.98    -7.70   -38.31     0.000
  -35.09    -7.85   -44.45       -35.09    -7.85   -44.45     0.000
   -0.10    19.97    42.59        -0.10    19.97    42.59     0.000
  -42.34    -7.57   -17.97       -42.34    -7.57   -17.97     0.000
  -15.98   -31.64   -22.35       -15.98   -31.64   -22.35     0.000
   30.01     7.60    19.32        30.01     7.60    19.32     0.000
   16.04    -4.57    52.36        16.04    -4.57    52.36     0.000
  -42.32    -2.41   -23.54       -42.32    -2.41   -23.54     0.000
  -31.17   -26.12   -14.29       -31.17   -26.12   -14.29     0.000
  -41.22    -0.02   -28.31       -41.22    -0.02   -28.31     0.000
   -3.85    -6.53    30.58        -3.85    -6.53    30.58     0.000
   -5.83     2.07   -33.24        -5.83     2.07   -33.24     0.000
  -37.89     1.48   -35.77       -37.89     1.48   -35.77     0.000
   35.39    14.98    -1.20        35.39    14.98    -1.20     0.000
    0.32     0.44   -24.80         0.32     0.44   -24.80     0.000
   -7.35    12.75     9.31        -7.35    12.75     9.31     0.000
    1.98   -11.49    10.55         1.98   -11.49    10.55     0.000
   32.76     2.23    15.09        32.76     2.23    15.09     0.000
    6.48     6.37   -16.42         6.48     6.37   -16.42     0.000
  -40.44   -14.17   -31.02       -40.44   -14.17   -31.02     0.000
  -29.87   -15.29    -7.04       -29.87   -15.29    -7.04     0.000
   14.65    -6.93    21.01        14.65    -6.93    21.01     0.000
   35.18    -3.50    -4.08        35.18    -3.50    -4.08     0.000
   -8.24    14.78    39.79        -8.24    14.78    39.79     0.000
   -4.58   -10.94     6.92        -4.58   -10.94     6.92     0.000
   35.14    -4.12    -9.00        35.14    -4.12    -9.00     0.000
  -30.77   -14.68    -6.92       -30.77   -14.68    -6.92     0.000
    6.55    -2.74    63.38         6.55    -2.74    63.38     0.000
    0.18   -10.41    15.79         0.18   -10.41    15.79     0.000
   -2.73   -10.07    15.29        -2.73   -10.07    15.29     0.000
    9.13    -6.42   -21.91         9.13    -6.42   -21.91     0.000
   21.82    15.64    37.64        21.82    15.64    37.64     0.000
  -19.18   -27.21   -41.32       -19.18   -27.21   -41.32     0.000
   -0.42   -10.66    14.51        -0.42   -10.66    14.51     0.000
   -8.70   -25.88   -16.06        -8.70   -25.88   -16.06     0.000
   23.84    24.72    -5.47        23.84    24.72    -5.47     0.000
   34.73    15.66   -11.70        34.73    15.66   -11.70     0.000
   -0.84   -10.06    17.21        -0.84   -10.06    17.21     0.000
   10.53    24.52    -5.77        10.53    24.52    -5.77     0.000
   -3.57    10.68    -3.25        -3.57    10.68    -3.25     0.000
  -29.17     4.57   -14.06       -29.17     4.57   -14.06     0.000
   -0.09   -19.79   -15.82        -0.09   -19.79   -15.82     0.000
   36.97    13.12    -2.48        36.97    13.12    -2.48     0.000
  -16.77     0.18     0.16       -16.77     0.18     0.16     0.000
  -23.35    11.81   -22.11       -23.35    11.81   -22.11     0.000
   15.51   -17.21   -10.13        15.51   -17.21   -10.13     0.000
  -34.70   -19.28   -10.76       -34.70   -19.28   -10.76     0.000
  -31.74     3.08   -13.92       -31.74     3.08   -13.92     0.000
   19.50    15.98    51.02        19.50    15.98    51.02     0.000
  -33.19   -28.27   -20.76       -33.19   -28.27   -20.76     0.000
   18.84    18.23    43.59        18.84    18.23    43.59     0.000
   -1.23   -13.31   -36.24        -1.23   -13.31   -36.24     0.000
    6.57    23.07    27.08         6.57    23.07    27.08     0.000
   21.83    23.56   -23.78        21.83    23.56   -23.78     0.000
   11.19    24.63    16.75        11.19    24.63    16.75     0.000
   -1.93     0.32   -26.84        -1.93     0.32   -26.84     0.000
  -15.13   -16.77    -5.59       -15.13   -16.77    -5.59     0.000
  -41.91   -10.79   -29.65       -41.91   -10.79   -29.65     0.000
   -6.00    11.08    48.80        -6.00    11.08    48.80     0.000
  -31.40   -20.72    -8.96       -31.40   -20.72    -8.96     0.000
   -0.86   -20.42   -16.48        -0.86   -20.42   -16.48     0.000
   34.82    15.58   -11.50        34.82    15.58   -11.50     0.000
