200 PA4-E-Debug-Output.txt 0
  -30.56     9.50   -21.32       -30.52     9.40   -21.35     0.110
   -3.49   -23.26   -32.88        -3.48   -23.28   -32.88     0.028
   -8.08     8.18   -12.99        -8.08     8.17   -12.99     0.009
   -5.95   -24.93   -34.52        -5.95   -24.93   -34.52     0.000
  -32.45    -7.42    -8.23       -32.45    -7.42    -8.25     0.026
   27.31     5.20    27.10        27.27     5.21    27.08     0.046
  -11.38    -3.08    11.53       -11.49    -3.15    11.58     0.144
    9.90    25.23    14.02         9.89    25.16    14.00     0.077
  -29.00   -21.30    -8.06       -29.02   -21.32    -8.03     0.039
   -9.01     2.60    24.57        -9.06     2.59    24.59     0.050
  -29.67     7.43   -36.06       -29.70     7.49   -36.09     0.065
  -22.58     9.46   -17.99       -22.58     9.41   -18.07     0.094
   20.59    -0.36    49.71        20.63    -0.38    49.72     0.052
    0.82    -8.10   -28.06         0.84    -8.10   -28.08     0.031
   37.25    -1.99     4.12        37.23    -1.98     4.12     0.028
  -22.77   -17.64    -6.30       -22.77   -17.64    -6.28     0.023
   33.47     8.87   -23.49        33.43     8.87   -23.47     0.044
  -38.41   -22.43   -18.19       -38.35   -22.38   -18.22     0.082
  -25.59    -1.44   -46.81       -25.60    -1.43   -46.84     0.028
   15.78    -6.47    21.22        15.82    -6.73    21.26     0.263
  -19.95   -13.20    -4.84       -19.95   -13.20    -4.82     0.017
   18.62    -1.53    58.26        18.54    -1.47    58.24     0.103
  -25.71    -0.45   -46.19       -25.72    -0.43   -46.22     0.034
    4.44    12.47    63.21         4.44    12.47    63.19     0.018
   38.21    -0.27     2.61        38.21    -0.27     2.61     0.001
   34.01    -3.82    10.38        34.01    -3.83    10.38     0.010
   -5.81    -0.40    40.51        -6.02    -0.45    40.52     0.221
   -6.82    19.50    14.06        -6.89    19.61    13.94     0.177
   -6.39    20.90    14.61        -6.31    20.78    14.73     0.189
   35.60    11.67   -14.67        35.59    11.67   -14.66     0.011
    6.29    17.80    62.80         6.30    17.89    62.88     0.119
   11.89    21.76    45.58        11.93    21.63    45.56     0.131
  -37.69   -11.43   -42.59       -37.62   -11.43   -42.55     0.084
  -11.14    21.96    18.63       -11.12    21.93    18.66     0.048
    5.37    -8.37    22.68         5.35    -8.27    22.67     0.101
  -25.78   -29.63   -37.09       -25.76   -29.55   -37.05     0.091
    5.87    23.82     3.93         5.93    23.74     3.95     0.101
  -10.73   -14.67   -46.28       -10.71   -14.68   -46.31     0.037
   -5.63   -22.63   -37.25        -5.56   -22.69   -37.30     0.102
    9.70   -15.16   -13.89         9.73   -15.37   -13.95     0.220
   13.96     6.70    62.98        13.96     6.70    63.02     0.039
  -35.03     3.92   -15.98       -35.10     3.97   -15.87     0.138
   14.08    -6.87    21.57        14.09    -6.94    21.58     0.077
   33.28    -6.01    -3.68        33.18    -5.94    -3.68     0.123
    7.91    20.48    45.76         7.88    20.63    45.77     0.151
   20.04    25.44     6.92        20.06    25.47     6.93     0.035
  -14.58   -24.75   -42.62       -14.59   -24.72   -42.58     0.051
   21.32    15.95    39.82        21.39    15.99    39.83     0.086
  -24.57     0.76   -45.81       -24.57     0.75   -45.81     0.008
   36.88    -1.54    -2.33        36.94    -1.60    -2.32     0.086
   39.87     7.66    -3.70        39.81     7.64    -3.69     0.057
   -8.93     9.21     5.50        -8.89     9.18     5.51     0.052
  -24.40    -8.00    -6.07       -24.39    -8.01    -6.09     0.022
  -13.96     5.23    -8.28       -13.95     5.23    -8.28     0.004
    2.84    18.57     2.14         2.87    18.55     2.16     0.045
   -9.45    -4.43    14.28        -9.52    -4.47    14.30     0.080
  -25.04    -0.07   -11.35       -25.03    -0.09   -11.36     0.024
   -6.75     1.40    36.30        -6.75     1.40    36.30     0.001
   28.39    -7.75     7.02        28.38    -7.70     7.00     0.054
   18.43   -12.71   -18.72        18.43   -12.71   -18.73     0.009
   21.66     8.78    56.39        21.75     8.79    56.40     0.088
   36.18    -3.39    -9.86        36.12    -3.35    -9.88     0.075
   13.61   -10.79   -20.17        13.61   -10.62   -20.01     0.231
   -4.53    -4.47    37.73        -4.44    -4.38    37.71     0.121
  -39.38   -14.67   -13.74       -39.35   -14.66   -13.75     0.031
    9.90    22.73    29.92         9.90    22.63    29.90     0.110
   -3.26   -14.47   -39.69        -3.30   -14.47   -39.65     0.054
   -1.49    -5.52    50.52        -1.50    -5.52    50.52     0.005
   34.39    -3.13    10.54        34.41    -3.15    10.56     0.032
   -7.81   -10.67     4.64        -7.80   -10.64     4.63     0.037
  -26.09   -28.69   -14.48       -26.11   -28.77   -14.45     0.084
    0.52    10.85    -7.96         0.53    10.83    -7.95     0.027
   20.04     0.41   -24.44        20.05     0.42   -24.43     0.015
   -4.96    -2.38    62.24        -5.00    -2.41    62.24     0.047
    1.29    -3.88   -26.18         1.28    -3.88   -26.17     0.023
  -43.11    -9.69   -20.15       -43.08    -9.69   -20.15     0.026
   25.48    16.13   -27.68        25.46    16.11   -27.65     0.037
  -40.31    -1.24   -17.57       -40.32    -1.23   -17.57     0.005
    3.50    18.97    56.28         3.53    18.86    56.27     0.113
   25.43     5.94    34.08        25.42     5.94    34.08     0.006
   -7.05     6.78    50.16        -7.00     6.77    50.16     0.051
   14.70   -17.38    -9.42        14.72   -17.27    -9.39     0.122
   28.70     0.69    21.08        28.60     0.73    21.04     0.116
  -38.82   -21.18   -17.47       -38.82   -21.18   -17.47     0.007
   23.81     4.49   -29.89        23.79     4.47   -29.98     0.090
   -8.90     7.57    30.81        -8.92     7.56    30.81     0.020
  -14.06    10.81   -21.65       -14.08    10.74   -21.67     0.071
  -34.11    -5.17   -44.31       -34.11    -5.17   -44.31     0.004
   -1.03   -10.29    16.20        -1.03   -10.27    16.19     0.024
    9.90     8.37    63.03         9.90     8.37    63.04     0.015
  -11.95     9.62    16.66       -11.84     9.64    16.67     0.114
  -29.87   -29.41   -18.48       -29.86   -29.40   -18.48     0.008
    8.14    -6.94    30.17         8.13    -6.91    30.17     0.030
  -22.26     8.85   -37.54       -22.26     8.88   -37.57     0.044
  -43.08   -16.13   -26.27       -43.09   -16.13   -26.27     0.011
    9.14    21.88    -7.35         9.09    21.92    -7.37     0.066
  -36.02   -19.72   -11.89       -36.00   -19.69   -11.94     0.061
   18.85    21.65    28.30        18.83    21.62    28.30     0.041
    3.91    -7.31    32.51         3.91    -7.29    32.51     0.013
   31.21    17.01   -20.07        31.24    17.03   -20.08     0.040
  -10.12   -18.52    -7.78       -10.12   -18.62    -7.67     0.151
   -5.58    -1.19    48.85        -5.55    -1.18    48.85     0.036
   13.59    21.99    37.46        13.62    22.11    37.46     0.131
   20.30    11.44   -30.71        20.30    11.44   -30.71     0.000
   13.51    27.13     4.48        13.51    27.12     4.48     0.008
   -3.35    -5.00    43.56        -3.31    -4.96    43.55     0.055
  -42.56    -9.93   -18.43       -42.58    -9.93   -18.42     0.024
   -9.48     7.11    26.82        -9.85     6.96    26.91     0.406
   33.96    -4.70   -20.62        33.87    -4.64   -20.60     0.116
    7.39    25.44     6.03         7.38    25.48     6.03     0.042
  -19.30   -24.52    -9.55       -19.29   -24.56    -9.48     0.078
   26.23    -9.77     1.17        26.24    -9.91     1.22     0.149
   34.57    15.14     7.66        34.53    15.11     7.64     0.048
   -6.26    -8.36    15.06        -6.28    -8.39    15.06     0.034
   -5.50    -1.56    56.47        -5.42    -1.53    56.47     0.081
  -34.95     1.28   -40.07       -34.94     1.27   -40.05     0.030
    2.94    23.31    28.10         2.93    23.23    28.08     0.078
   35.05     7.52   -19.92        35.22     7.54   -19.98     0.176
  -19.31   -24.91   -43.72       -19.31   -24.91   -43.71     0.008
  -30.09   -30.88   -24.76       -30.05   -30.80   -24.77     0.094
  -41.83    -1.07   -27.32       -41.91    -1.01   -27.32     0.103
    2.45    -7.96    27.19         2.45    -8.01    27.21     0.049
   31.25    13.40   -24.40        31.11    13.30   -24.29     0.205
   -0.24    -6.88   -29.09        -0.19    -6.87   -29.13     0.061
   13.63    -5.80    55.65        13.58    -5.70    55.64     0.119
   -3.93    -2.29   -35.22        -3.90    -2.28   -35.22     0.037
   15.59    19.55   -30.83        15.58    19.56   -30.85     0.022
    6.84    -8.27    19.38         6.88    -8.43    19.43     0.170
   24.78    16.45   -27.72        24.79    16.46   -27.76     0.044
  -15.18   -17.29   -47.17       -15.18   -17.29   -47.17     0.006
    0.71    -6.96    35.66         0.72    -7.04    35.67     0.079
   32.24     8.36   -25.82        32.28     8.36   -25.86     0.052
  -22.11     2.35   -11.66       -22.14     2.39   -11.63     0.054
  -36.90   -11.53   -43.39       -36.98   -11.52   -43.45     0.097
   -8.23    25.02    24.29        -8.23    25.02    24.29     0.005
    8.11   -10.62   -21.97         8.13   -10.63   -22.01     0.046
   12.09    -6.52    60.02        12.00    -6.28    60.02     0.263
   16.56    22.49    28.43        16.55    22.43    28.42     0.060
    7.91    22.21    32.49         7.92    22.20    32.49     0.015
   17.70   -12.94   -18.46        17.73   -12.88   -18.38     0.105
   19.84    -8.42   -23.02        19.84    -8.44   -23.05     0.031
   -1.48   -13.45    -0.08        -1.48   -13.49    -0.06     0.043
    9.62    21.22    52.81         9.61    21.07    52.79     0.157
  -14.48    17.45    33.26       -14.53    17.46    33.30     0.066
   35.34    -4.60   -15.75        35.28    -4.56   -15.75     0.069
   -4.70    12.26    61.36        -4.79    12.32    61.37     0.110
   28.14    18.60   -22.86        28.16    18.62   -22.89     0.036
  -26.78   -32.15   -26.29       -26.79   -32.18   -26.29     0.039
  -12.28     2.45    12.11       -12.25     2.46    12.11     0.031
   27.07    21.11   -21.42        27.13    21.18   -21.49     0.118
   39.96     4.49     1.33        39.80     4.50     1.32     0.161
   14.07    22.03    34.77        14.07    22.17    34.82     0.153
    3.93    14.12    -5.78         3.97    14.07    -5.74     0.083
   -3.61     2.24    63.13        -3.61     2.24    63.14     0.008
   20.93    19.04   -28.48        20.94    19.05   -28.49     0.022
   -9.61     2.40    21.62        -9.70     2.38    21.64     0.098
  -18.28    -3.91   -47.47       -18.28    -3.91   -47.47     0.005
   16.68    19.30    48.26        16.68    19.30    48.26     0.003
   24.61     5.58    37.51        24.61     5.58    37.51     0.005
   14.76   -17.47    -8.53        14.75   -17.51    -8.53     0.042
  -40.26    -8.04   -34.64       -40.26    -8.04   -34.64     0.000
  -13.36    18.05    34.82       -13.31    18.03    34.77     0.070
  -19.70   -31.69   -17.60       -19.72   -31.63   -17.63     0.067
   -6.06    14.16     9.27        -6.10    14.19     9.25     0.052
  -24.96   -11.41   -48.56       -24.97   -11.42   -48.59     0.038
   30.21    20.00   -18.11        30.16    19.97   -18.10     0.056
    1.91    16.85     1.75         1.85    16.90     1.72     0.083
  -24.76   -12.25   -48.50       -24.76   -12.25   -48.53     0.029
   30.26   -10.72   -14.48        30.20   -10.65   -14.50     0.094
    2.41    21.54    35.14         2.42    21.62    35.16     0.082
   -3.76    -4.99    38.12        -3.75    -4.98    38.12     0.015
  -14.36    -5.83     4.04       -14.33    -5.81     4.01     0.046
  -21.28   -22.76    -8.25       -21.27   -22.79    -8.19     0.067
   24.42    16.49    25.19        24.54    16.55    25.24     0.141
  -21.87    -5.61    -5.01       -21.91    -5.59    -4.95     0.077
   -8.03    -5.87   -44.33        -7.97    -5.83   -44.40     0.094
  -16.54     6.24   -13.16       -16.54     6.24   -13.15     0.004
   18.26    26.61    -4.43        18.27    26.63    -4.43     0.020
   19.01    -6.22    19.53        19.03    -6.37    19.55     0.152
   20.08     0.95    59.80        19.94     1.02    59.78     0.151
   11.05   -11.53   -19.86        11.06   -11.56   -19.89     0.040
   11.71    25.41    13.45        11.72    25.27    13.42     0.146
   30.20     0.07   -27.50        30.21     0.06   -27.51     0.021
   -6.82     9.25    -1.95        -6.77     9.18    -1.94     0.088
   34.69    15.36     6.67        34.74    15.41     6.69     0.072
  -30.28     9.92   -24.10       -30.30     9.97   -24.10     0.060
  -30.15     9.82   -29.34       -30.15     9.80   -29.34     0.017
  -30.63     5.59   -39.07       -30.63     5.60   -39.07     0.009
  -18.92   -29.39   -38.18       -18.91   -29.47   -38.22     0.091
  -38.87   -21.29   -33.89       -38.91   -21.31   -33.90     0.051
  -16.72     1.54    -2.12       -16.76     1.57    -2.11     0.057
   -4.53    -3.74    39.15        -4.55    -3.76    39.15     0.033
    7.36    24.30    17.83         7.35    24.41    17.85     0.111
    8.39    20.80    45.24         8.40    20.75    45.24     0.048
  -18.30     4.74   -11.99       -18.30     4.75   -11.98     0.008
  -31.14     5.78   -37.98       -31.18     5.86   -38.02     0.095
   -2.82    -2.48   -30.10        -2.79    -2.47   -30.12     0.038
   37.36    12.59     1.91        37.38    12.60     1.91     0.018
   -3.61    11.76    -0.81        -3.53    11.64    -0.77     0.156
  -39.90     1.85   -28.75       -39.91     1.86   -28.75     0.009
