200 PA4-D-Debug-Output.txt 0
   -6.84     5.00    45.73        -6.84     5.00    45.73     0.000
   10.72     1.95    63.12        10.72     1.95    63.12     0.000
   -8.71     1.89   -40.08        -8.71     1.89   -40.08     0.000
   11.31     4.79   -17.45        11.31     4.79   -17.45     0.000
   19.04   -17.39    -9.84        19.04   -17.39    -9.84     0.000
    8.86   -12.15   -20.57         8.86   -12.15   -20.57     0.000
  -36.80   -18.88   -12.28       -36.80   -18.88   -12.28     0.000
  -19.39    11.85   -31.47       -19.39    11.85   -31.47     0.000
  -22.92   -16.18    -6.12       -22.92   -16.18    -6.12     0.000
  -43.86   -10.08   -23.44       -43.86   -10.08   -23.44     0.000
   38.43    10.63     4.19        38.43    10.63     4.19     0.000
  -35.44    -7.59    -9.04       -35.44    -7.59    -9.04     0.000
    1.14    -7.07   -27.41         1.14    -7.07   -27.41     0.000
   -1.39   -16.72    -6.51        -1.39   -16.72    -6.51     0.000
    4.23    21.32    36.73         4.23    21.32    36.73     0.000
    1.01    19.44    46.13         1.01    19.44    46.13     0.000
   17.17    -3.92    48.94        17.17    -3.92    48.94     0.000
    7.24   -12.52     6.31         7.24   -12.52     6.31     0.000
   22.11     2.40    48.25        22.11     2.40    48.25     0.000
   -8.43   -12.74     0.28        -8.43   -12.74     0.28     0.000
   -5.10    21.13    14.60        -5.10    21.13    14.60     0.000
  -40.62     0.10   -20.87       -40.62     0.10   -20.87     0.000
   17.29    26.72     4.06        17.29    26.72     4.06     0.000
   13.78    -5.06    61.96        13.78    -5.06    61.96     0.000
  -22.67     2.25   -44.65       -22.67     2.25   -44.65     0.000
  -15.48   -12.62    -2.89       -15.48   -12.62    -2.89     0.000
  -11.95     6.63    11.82       -11.95     6.63    11.82     0.000
   -6.05    -3.30    33.42        -6.05    -3.30    33.42     0.000
  -15.33    13.07    28.88       -15.33    13.07    28.88     0.000
   30.76    20.33    -2.47        30.76    20.33    -2.47     0.000
   -5.75    13.80     8.19        -5.75    13.80     8.19     0.000
    3.82   -17.14    -9.82         3.82   -17.14    -9.82     0.000
   11.89    20.40   -22.15        11.89    20.40   -22.15     0.000
   -3.38    16.68     8.84        -3.38    16.68     8.84     0.000
   30.71     2.46   -27.74        30.71     2.46   -27.74     0.000
  -37.96   -21.03   -15.95       -37.96   -21.03   -15.95     0.000
   28.86    21.79    -5.70        28.86    21.79    -5.70     0.000
   13.70    24.74   -10.46        13.70    24.74   -10.46     0.000
   -6.77     2.85    57.54        -6.77     2.85    57.54     0.000
   -7.36    -4.34    24.77        -7.36    -4.34    24.77     0.000
    6.55    -6.82    42.40         6.55    -6.82    42.40     0.000
   -6.66     3.26    47.82        -6.66     3.26    47.82     0.000
  -26.75   -31.20   -19.92       -26.75   -31.20   -19.92     0.000
   -3.91   -24.12   -31.25        -3.91   -24.12   -31.25     0.000
    3.49   -12.93     2.38         3.49   -12.93     2.38     0.000
  -42.96   -15.82   -24.10       -42.96   -15.82   -24.10     0.000
    2.36   -16.50    -7.36         2.36   -16.50    -7.36     0.000
  -17.76    11.87   -24.29       -17.76    11.87   -24.29     0.000
   31.58    19.49   -10.21        31.58    19.49   -10.21     0.000
    3.88    20.18    43.73         3.88    20.18    43.73     0.000
   11.66    25.20    13.69        11.66    25.20    13.69     0.000
   11.70    18.02   -22.61        11.70    18.02   -22.61     0.000
  -10.97     7.46    22.95       -10.97     7.46    22.95     0.000
    6.30    20.19    -3.88         6.30    20.19    -3.88     0.000
   16.57    -2.32   -22.30        16.57    -2.32   -22.30     0.000
  -36.94   -24.30   -33.81       -36.94   -24.30   -33.81     0.000
    3.37     1.12    63.42         3.37     1.12    63.42     0.000
   23.00    -5.02    20.60        23.00    -5.02    20.60     0.000
    0.26    19.51     6.89         0.26    19.51     6.89     0.000
   12.10    22.87    28.59        12.10    22.87    28.59     0.000
    8.90   -13.92   -18.38         8.90   -13.92   -18.38     0.000
   -9.81    -2.83    16.21        -9.81    -2.83    16.21     0.000
    5.32   -13.23   -22.32         5.32   -13.23   -22.32     0.000
  -33.78   -25.50   -15.86       -33.78   -25.50   -15.86     0.000
   33.99     2.97    13.40        33.99     2.97    13.40     0.000
    1.54    -6.85    62.86         1.54    -6.85    62.86     0.000
   -4.06     8.00   -17.57        -4.06     8.00   -17.57     0.000
  -19.25     7.45   -39.50       -19.25     7.45   -39.50     0.000
    1.78     1.09   -23.47         1.78     1.09   -23.47     0.000
  -32.28    -4.85    -9.43       -32.28    -4.85    -9.43     0.000
  -25.61   -27.59   -39.83       -25.61   -27.59   -39.83     0.000
   31.64    19.43    -9.33        31.64    19.43    -9.33     0.000
  -11.27    10.86    15.02       -11.27    10.86    15.02     0.000
   31.59    -5.01    11.48        31.59    -5.01    11.48     0.000
    3.86    20.91    39.86         3.86    20.91    39.86     0.000
   19.76    -6.00    22.28        19.76    -6.00    22.28     0.000
   37.16     8.53     8.57        37.16     8.53     8.57     0.000
   39.31     8.71     2.71        39.31     8.71     2.71     0.000
   17.73    -7.40   -22.68        17.73    -7.40   -22.68     0.000
    6.30    24.18     4.45         6.30    24.18     4.45     0.000
  -41.17   -10.39   -31.16       -41.17   -10.39   -31.16     0.000
   16.85    -5.69    31.60        16.85    -5.69    31.60     0.000
    2.75   -11.76    10.06         2.75   -11.76    10.06     0.000
   31.66    19.39    -8.78        31.66    19.39    -8.78     0.000
   29.56     6.91   -28.87        29.56     6.91   -28.87     0.000
  -12.56   -30.18   -32.83       -12.56   -30.18   -32.83     0.000
   18.12     7.57   -25.80        18.12     7.57   -25.80     0.000
   37.42    -1.65     7.05        37.42    -1.64     7.05     0.000
    4.61   -16.53   -19.20         4.61   -16.53   -19.20     0.000
  -37.34   -18.25   -12.68       -37.34   -18.25   -12.68     0.000
  -16.21    10.00   -35.99       -16.21    10.00   -35.99     0.000
   25.01    -0.09   -28.44        25.01    -0.09   -28.44     0.000
   -9.89     9.39    32.32        -9.89     9.39    32.32     0.000
   -2.16    -8.42    25.47        -2.16    -8.42    25.47     0.000
    8.57    18.33    -8.86         8.57    18.33    -8.86     0.000
  -43.22   -13.69   -22.61       -43.22   -13.69   -22.61     0.000
   11.75    24.34    18.72        11.75    24.34    18.72     0.000
   -6.72    -2.43    31.85        -6.72    -2.43    31.85     0.000
    3.63    19.40     1.30         3.63    19.40     1.30     0.000
  -37.37   -17.15   -40.86       -37.37   -17.15   -40.86     0.000
   14.55    22.56    32.41        14.55    22.56    32.41     0.000
  -37.87   -17.47   -12.94       -37.87   -17.47   -12.94     0.000
  -22.42   -11.35   -49.51       -22.42   -11.35   -49.51     0.000
   22.98     8.35    47.50        22.98     8.35    47.50     0.000
  -26.25    -6.49   -47.96       -26.25    -6.49   -47.96     0.000
   -4.64    -3.30    41.51        -4.64    -3.30    41.51     0.000
  -39.37   -13.88   -39.24       -39.37   -13.88   -39.24     0.000
    0.90    21.28    37.09         0.90    21.28    37.09     0.000
    4.08    -7.99   -25.10         4.08    -7.99   -25.10     0.000
   14.26    -5.83    39.19        14.26    -5.83    39.19     0.000
   -8.18    16.02    13.31        -8.18    16.02    13.31     0.000
   31.05     0.33   -26.98        31.05     0.33   -26.98     0.000
   -7.95     7.99   -21.85        -7.95     7.99   -21.85     0.000
   -0.03   -13.12   -33.43        -0.03   -13.12   -33.43     0.000
   37.19     4.57   -14.20        37.19     4.57   -14.20     0.000
   10.44    19.91   -11.59        10.44    19.91   -11.59     0.000
  -18.94     1.46   -45.25       -18.94     1.46   -45.25     0.000
    1.27     1.03   -24.04         1.27     1.03   -24.04     0.000
  -35.14   -14.07   -44.77       -35.14   -14.07   -44.77     0.000
  -39.52   -22.73   -28.46       -39.52   -22.73   -28.46     0.000
  -13.97    -9.39   -48.02       -13.97    -9.39   -48.02     0.000
    8.06    -9.84   -22.48         8.06    -9.84   -22.48     0.000
  -37.33   -16.34   -41.45       -37.33   -16.34   -41.45     0.000
   -6.08     6.05   -25.47        -6.08     6.05   -25.47     0.000
  -32.05     5.95   -36.79       -32.05     5.95   -36.79     0.000
   22.73    -7.06   -24.84        22.73    -7.06   -24.84     0.000
    0.31   -20.18   -24.07         0.31   -20.18   -24.07     0.000
   27.99    12.26   -28.40        27.99    12.26   -28.40     0.000
  -29.05     8.88   -33.11       -29.05     8.88   -33.11     0.000
  -12.69   -14.24    -3.16       -12.69   -14.24    -3.16     0.000
   -8.58    -7.39    10.75        -8.58    -7.39    10.75     0.000
   -3.78   -10.21    11.44        -3.78   -10.21    11.44     0.000
   -5.71    24.93    26.66        -5.71    24.93    26.66     0.000
  -37.55   -17.72   -40.25       -37.55   -17.72   -40.25     0.000
    3.67    23.93    21.12         3.67    23.93    21.12     0.000
  -40.24    -3.47   -36.03       -40.24    -3.47   -36.03     0.000
    7.68     2.98    63.18         7.68     2.98    63.18     0.000
   37.00    10.13   -11.29        37.00    10.13   -11.29     0.000
    2.23   -17.75   -22.46         2.23   -17.75   -22.46     0.000
   12.29   -16.78    -4.25        12.29   -16.78    -4.25     0.000
    3.76    17.06    -1.62         3.76    17.06    -1.62     0.000
   21.26    -0.73    44.83        21.26    -0.73    44.83     0.000
   22.46   -12.22   -21.23        22.46   -12.22   -21.23     0.000
  -32.40    -1.50   -43.69       -32.40    -1.50   -43.69     0.000
   11.18   -14.94   -14.82        11.18   -14.94   -14.82     0.000
  -37.54   -22.65   -16.98       -37.54   -22.65   -16.98     0.000
   -5.41    19.83    13.23        -5.41    19.83    13.23     0.000
  -41.96    -2.51   -20.33       -41.96    -2.51   -20.33     0.000
    1.16     8.71   -14.71         1.16     8.71   -14.71     0.000
   33.69    -5.72     5.33        33.69    -5.72     5.33     0.000
  -34.04   -27.19   -33.85       -34.04   -27.19   -33.85     0.000
  -31.83   -10.47   -46.70       -31.83   -10.47   -46.70     0.000
  -15.96   -17.23    -5.76       -15.96   -17.23    -5.76     0.000
   10.46    23.31    25.21        10.46    23.31    25.21     0.000
   -6.78     4.44    46.76        -6.78     4.44    46.76     0.000
  -37.72     0.62   -16.25       -37.72     0.62   -16.25     0.000
   13.03   -17.25    -7.83        13.03   -17.25    -7.83     0.000
   -6.17     2.77   -32.30        -6.17     2.77   -32.30     0.000
   38.62     4.09   -11.90        38.62     4.09   -11.90     0.000
   14.29    -5.90    34.34        14.29    -5.90    34.34     0.000
  -15.32   -31.87   -25.38       -15.32   -31.87   -25.38     0.000
   23.93    -3.70    23.73        23.93    -3.70    23.73     0.000
  -39.69     2.18   -28.42       -39.69     2.18   -28.42     0.000
  -15.85     5.78   -41.68       -15.85     5.78   -41.68     0.000
   33.07    -5.28   -21.91        33.07    -5.28   -21.91     0.000
   29.86    20.61     6.78        29.86    20.61     6.78     0.000
   31.21    -3.98   -25.26        31.21    -3.98   -25.26     0.000
   19.60    21.32    27.00        19.60    21.32    27.00     0.000
   18.53     6.52   -25.57        18.53     6.52   -25.57     0.000
    9.20    -7.87   -22.08         9.20    -7.87   -22.08     0.000
  -16.18    10.69   -21.65       -16.18    10.69   -21.65     0.000
   -1.21    20.27    40.30        -1.21    20.27    40.30     0.000
   -2.12    -5.38    45.78        -2.12    -5.38    45.78     0.000
   -0.43    18.81    46.29        -0.43    18.81    46.29     0.000
   -5.10    -0.45    62.78        -5.10    -0.45    62.78     0.000
   -3.50   -17.86    -8.37        -3.50   -17.86    -8.37     0.000
    5.58    17.54    -4.11         5.58    17.54    -4.11     0.000
  -27.30    11.27   -24.92       -27.30    11.27   -24.92     0.000
   26.38    10.84    27.75        26.38    10.84    27.75     0.000
   27.26   -12.69   -13.70        27.26   -12.69   -13.70     0.000
   -6.49     1.57    48.30        -6.49     1.57    48.30     0.000
    5.84   -12.32   -22.28         5.84   -12.32   -22.28     0.000
   30.85    13.57   -24.38        30.85    13.57   -24.38     0.000
   32.90     9.18    13.66        32.90     9.18    13.66     0.000
   38.19    11.19     2.84        38.19    11.19     2.84     0.000
  -13.00    10.01   -28.94       -13.00    10.01   -28.94     0.000
    0.87    17.98    56.37         0.87    17.98    56.37     0.000
    6.81    21.97    33.27         6.81    21.97    33.27     0.000
    3.35     8.68   -14.81         3.35     8.68   -14.81     0.000
  -39.67     1.90   -30.32       -39.67     1.90   -30.32     0.000
   14.71    -6.82    21.83        14.71    -6.82    21.83     0.000
  -27.06   -31.47   -32.22       -27.06   -31.47   -32.22     0.000
    6.91    -6.82    38.43         6.91    -6.82    38.43     0.000
   30.00    21.01     0.06        30.00    21.01     0.06     0.000
   23.77    11.32   -30.98        23.77    11.32   -30.98     0.000
   -5.31    24.85    25.46        -5.31    24.85    25.46     0.000
   19.85    13.87    59.51        19.85    13.87    59.51     0.000
  -25.80    -4.83    -8.18       -25.80    -4.83    -8.18     0.000
  -33.36     7.79   -22.21       -33.36     7.79   -22.21     0.000
   11.32    26.89     3.57        11.32    26.89     3.57     0.000
