200 PA4-B-Debug-Answer.txt 0
  -30.58   -10.77   -47.18       -30.58   -10.77   -47.18     0.000
    3.23     8.75    63.39         3.23     8.75    63.39     0.000
  -40.63    -7.24   -14.85       -40.63    -7.24   -14.85     0.000
  -10.87     8.41   -32.69       -10.87     8.41   -32.69     0.000
   38.59    10.67     0.94        38.59    10.67     0.94     0.000
  -25.08   -13.28    -6.09       -25.08   -13.28    -6.09     0.000
  -15.33   -27.81   -39.42       -15.33   -27.81   -39.42     0.000
  -18.81    -8.38    -2.71       -18.81    -8.38    -2.71     0.000
   38.45     0.42   -12.18        38.45     0.42   -12.18     0.000
   -5.47    13.86     7.97        -5.47    13.86     7.97     0.000
   31.26    16.79   -20.50        31.26    16.79   -20.50     0.000
   15.64     0.73   -21.62        15.64     0.73   -21.62     0.000
  -15.42   -13.83    -3.81       -15.42   -13.83    -3.81     0.000
   34.21     7.60   -21.86        34.21     7.60   -21.86     0.000
   -2.21   -10.11    16.56        -2.21   -10.11    16.56     0.000
   -6.26     7.64    62.12        -6.26     7.64    62.12     0.000
  -32.13    -7.71    -8.01       -32.13    -7.71    -8.01     0.000
   -2.27    12.02    -1.79        -2.27    12.02    -1.79     0.000
  -28.89    -2.52   -45.94       -28.89    -2.52   -45.94     0.000
   18.22   -10.66     5.25        18.22   -10.66     5.25     0.000
   17.76    18.36    47.84        17.76    18.36    47.84     0.000
   17.88    27.06    -2.09        17.88    27.06    -2.09     0.000
  -25.92   -31.41   -19.99       -25.92   -31.41   -19.99     0.000
    3.74   -13.20     1.25         3.74   -13.20     1.25     0.000
  -30.55     6.17   -38.04       -30.55     6.17   -38.04     0.000
   -5.00    -8.96   -42.28        -5.00    -8.96   -42.28     0.000
  -12.66   -28.10   -37.72       -12.66   -28.10   -37.72     0.000
   18.81    21.90    26.23        18.81    21.90    26.23     0.000
   15.12     3.80    63.04        15.12     3.80    63.04     0.000
   -7.42   -22.02   -11.91        -7.42   -22.02   -11.91     0.000
    1.00    23.77    25.47         1.00    23.77    25.47     0.000
  -34.13   -13.26   -45.88       -34.13   -13.26   -45.88     0.000
   36.90    13.44     3.73        36.90    13.44     3.73     0.000
  -29.56    -5.72    -8.62       -29.56    -5.72    -8.62     0.000
  -25.99    11.05   -29.98       -25.99    11.05   -29.98     0.000
    7.45   -14.91    -1.58         7.45   -14.91    -1.58     0.000
   20.12    17.06   -30.37        20.12    17.06   -30.37     0.000
  -21.72   -10.72    -4.23       -21.72   -10.72    -4.23     0.000
  -22.26   -12.17    -4.82       -22.26   -12.17    -4.82     0.000
  -21.55     6.19   -14.95       -21.55     6.19   -14.95     0.000
   19.00     0.16   -23.51        19.00     0.16   -23.51     0.000
    6.02    19.98    -3.42         6.02    19.98    -3.42     0.000
  -16.03   -17.53   -47.17       -16.03   -17.53   -47.17     0.000
  -25.49     4.15   -42.58       -25.49     4.15   -42.58     0.000
  -18.87   -29.45   -38.24       -18.87   -29.45   -38.24     0.000
    1.34    22.85    30.44         1.34    22.85    30.44     0.000
  -10.49     9.73    31.78       -10.49     9.73    31.78     0.000
  -40.80   -14.39   -30.59       -40.80   -14.39   -30.59     0.000
   -6.64     3.93   -31.58        -6.64     3.93   -31.58     0.000
   -5.33   -24.09   -35.09        -5.33   -24.09   -35.09     0.000
   11.80    22.01    39.71        11.80    22.01    39.71     0.000
   28.84    -7.92     6.22        28.84    -7.92     6.22     0.000
  -12.29   -25.45   -41.00       -12.29   -25.45   -41.00     0.000
  -36.39     5.30   -22.15       -36.39     5.30   -22.15     0.000
   17.70    -2.09    60.80        17.70    -2.09    60.80     0.000
   21.45   -14.65    -4.45        21.45   -14.65    -4.45     0.000
   12.17    21.50   -15.18        12.17    21.50   -15.18     0.000
  -18.71    -6.80   -48.43       -18.71    -6.80   -48.43     0.000
   40.37     4.10    -2.60        40.37     4.10    -2.60     0.000
    6.44    21.91    33.46         6.44    21.91    33.46     0.000
    6.99   -10.18   -22.82         6.99   -10.18   -22.82     0.000
   18.83   -13.89    -1.59        18.83   -13.89    -1.59     0.000
   17.77    20.09   -29.55        17.77    20.09   -29.55     0.000
   12.61    14.98   -12.80        12.61    14.98   -12.80     0.000
   -8.20   -20.64    -9.82        -8.20   -20.64    -9.82     0.000
   15.00   -17.57    -8.42        15.00   -17.57    -8.42     0.000
   35.51    -3.63     1.88        35.51    -3.63     1.88     0.000
   29.37    19.22   -21.09        29.37    19.22   -21.09     0.000
   25.49   -11.37   -21.27        25.49   -11.37   -21.27     0.000
   -2.08     1.38   -26.47        -2.08     1.38   -26.47     0.000
  -11.96   -25.83   -40.39       -11.96   -25.83   -40.39     0.000
   11.69    25.97    11.00        11.69    25.97    11.00     0.000
   24.22    16.30   -28.10        24.22    16.30   -28.10     0.000
   21.30     0.79    49.06        21.30     0.79    49.06     0.000
   -1.97   -11.13     9.39        -1.97   -11.13     9.39     0.000
   18.37    26.29    -7.45        18.37    26.29    -7.45     0.000
    6.34    -6.99    48.01         6.34    -6.99    48.01     0.000
    2.44     3.86    63.56         2.44     3.86    63.56     0.000
  -28.53     7.05   -38.03       -28.53     7.05   -38.03     0.000
   -6.03    14.20     9.14        -6.03    14.20     9.14     0.000
   34.49    15.19     7.58        34.49    15.19     7.58     0.000
   -6.49    24.60    22.37        -6.49    24.60    22.37     0.000
  -13.05   -30.80   -30.90       -13.05   -30.80   -30.90     0.000
  -42.39    -8.54   -17.89       -42.39    -8.54   -17.89     0.000
    2.85     6.13   -18.31         2.85     6.13   -18.31     0.000
  -25.82   -26.27   -41.46       -25.82   -26.27   -41.46     0.000
   13.13   -16.24    -1.89        13.13   -16.24    -1.89     0.000
   -9.58     4.02    23.84        -9.58     4.02    23.84     0.000
   15.53   -10.68     7.09        15.53   -10.68     7.09     0.000
   -1.32    19.74    41.86        -1.32    19.74    41.86     0.000
   -0.42   -21.12   -22.93        -0.42   -21.12   -22.93     0.000
  -27.30   -27.08   -12.03       -27.30   -27.08   -12.03     0.000
   18.51   -17.05    -6.17        18.51   -17.05    -6.17     0.000
   -7.11     5.56    40.16        -7.11     5.56    40.16     0.000
   25.07    11.73    31.68        25.07    11.73    31.68     0.000
   12.42   -16.79    -8.95        12.42   -16.79    -8.95     0.000
   -6.64   -14.81   -43.09        -6.64   -14.81   -43.09     0.000
   19.50    -2.00    46.97        19.50    -2.00    46.97     0.000
   18.91   -16.80    -5.67        18.91   -16.80    -5.67     0.000
   33.76    11.12   -21.40        33.76    11.12   -21.40     0.000
   10.59    22.65    29.75        10.59    22.65    29.75     0.000
    3.79   -15.69    -5.58         3.79   -15.69    -5.58     0.000
   10.19    -7.69    19.68        10.19    -7.69    19.68     0.000
  -16.38     2.52   -44.43       -16.38     2.52   -44.43     0.000
   25.50    22.05    11.44        25.50    22.05    11.44     0.000
  -41.42   -19.56   -23.95       -41.42   -19.56   -23.95     0.000
   29.27    21.20     6.54        29.27    21.20     6.54     0.000
  -13.95    12.58    19.76       -13.95    12.58    19.76     0.000
  -30.41     6.93   -36.78       -30.41     6.93   -36.78     0.000
   27.25    22.82     4.08        27.25    22.82     4.08     0.000
  -34.50   -17.37    -9.39       -34.50   -17.37    -9.39     0.000
    8.35    25.33    12.69         8.35    25.33    12.69     0.000
   15.62    23.10    23.88        15.62    23.10    23.88     0.000
    8.90    24.25    19.69         8.90    24.25    19.69     0.000
   -2.93    -8.58   -39.77        -2.93    -8.58   -39.77     0.000
   -1.45    17.05    49.62        -1.45    17.05    49.62     0.000
    0.75    11.88    -5.94         0.75    11.88    -5.94     0.000
   -6.10     0.39    48.48        -6.10     0.39    48.48     0.000
   33.06    12.47   -21.98        33.06    12.47   -21.98     0.000
    9.72    -6.81    28.59         9.72    -6.81    28.59     0.000
    4.01    23.63    23.16         4.01    23.63    23.16     0.000
   11.21    -1.83    63.20        11.21    -1.83    63.20     0.000
   25.65    -7.77     7.69        25.65    -7.77     7.69     0.000
    0.86    23.96    22.79         0.86    23.96    22.79     0.000
   14.40    22.56    32.26        14.40    22.56    32.26     0.000
  -19.01   -20.60   -46.74       -19.01   -20.60   -46.74     0.000
   10.64    23.29    25.38        10.64    23.29    25.38     0.000
   38.31    11.06     2.35        38.31    11.06     2.35     0.000
  -39.70   -10.62   -38.88       -39.70   -10.62   -38.88     0.000
   31.57    18.97     7.46        31.57    18.97     7.46     0.000
   27.32   -12.40   -17.32        27.32   -12.40   -17.32     0.000
   21.26    -3.62    31.55        21.26    -3.62    31.55     0.000
   21.03     4.09    58.64        21.03     4.09    58.64     0.000
   33.50    13.81   -18.67        33.50    13.81   -18.67     0.000
   -8.23   -13.28    -0.58        -8.23   -13.28    -0.58     0.000
   34.15    -4.99     1.02        34.15    -4.99     1.02     0.000
   33.03    15.50     9.82        33.03    15.50     9.82     0.000
   20.94    13.09    53.12        20.94    13.09    53.12     0.000
   30.60     3.95    18.36        30.60     3.95    18.36     0.000
   27.36     1.62    25.15        27.36     1.62    25.15     0.000
   17.28    24.87   -23.49        17.28    24.87   -23.49     0.000
    3.62    -6.94    45.97         3.62    -6.94    45.97     0.000
    0.15    17.89    53.65         0.15    17.89    53.65     0.000
   22.01     8.74    53.96        22.01     8.74    53.96     0.000
    2.44    22.18    32.51         2.44    22.18    32.51     0.000
   -2.12    -2.16   -28.85        -2.12    -2.16   -28.85     0.000
    6.37    14.87    63.15         6.37    14.87    63.15     0.000
    3.44    -7.37    61.30         3.44    -7.37    61.30     0.000
   -4.58    21.75    15.27        -4.58    21.75    15.27     0.000
   -6.09   -18.12   -41.76        -6.09   -18.12   -41.76     0.000
   18.36    -5.69    26.07        18.36    -5.69    26.07     0.000
  -32.47    -0.09   -42.70       -32.47    -0.09   -42.70     0.000
   11.51    19.61   -22.58        11.51    19.61   -22.58     0.000
   -0.20    -7.25    33.93        -0.20    -7.25    33.93     0.000
  -10.20    24.85    25.27       -10.20    24.85    25.27     0.000
  -10.50    -7.50     7.31       -10.50    -7.50     7.31     0.000
  -14.63   -16.52    -5.51       -14.63   -16.52    -5.51     0.000
   29.59    16.36    13.98        29.59    16.36    13.98     0.000
   -2.59    15.10    60.69        -2.59    15.10    60.69     0.000
    4.16    18.28    62.36         4.16    18.28    62.36     0.000
    6.81    22.08    32.66         6.81    22.08    32.66     0.000
   -4.10    -6.07    31.77        -4.10    -6.07    31.77     0.000
   23.34    23.16    11.17        23.34    23.16    11.17     0.000
  -12.10    22.79    20.10       -12.10    22.79    20.10     0.000
  -41.62    -7.30   -16.81       -41.62    -7.30   -16.81     0.000
   -9.69    23.39    19.69        -9.69    23.39    19.69     0.000
   -1.79    -5.87    42.95        -1.79    -5.87    42.95     0.000
    8.74   -14.66   -17.25         8.74   -14.66   -17.25     0.000
  -36.02   -10.61   -44.45       -36.02   -10.61   -44.45     0.000
  -42.72   -16.65   -24.84       -42.72   -16.65   -24.84     0.000
  -26.47   -13.85    -6.28       -26.47   -13.85    -6.28     0.000
   28.09    15.22    17.49        28.09    15.22    17.49     0.000
  -28.88   -18.43   -46.29       -28.88   -18.43   -46.29     0.000
   -4.85    -3.01    43.41        -4.85    -3.01    43.41     0.000
  -43.00   -16.37   -26.70       -43.00   -16.37   -26.70     0.000
  -28.95   -16.31   -47.12       -28.95   -16.31   -47.12     0.000
   38.50     6.76     7.53        38.50     6.76     7.53     0.000
   30.65    17.14   -21.35        30.65    17.14   -21.35     0.000
    0.42    21.67    35.46         0.42    21.67    35.46     0.000
  -14.85   -31.79   -26.46       -14.85   -31.79   -26.46     0.000
  -38.76   -22.71   -19.90       -38.76   -22.71   -19.90     0.000
  -16.54    -7.30   -48.08       -16.54    -7.30   -48.08     0.000
   19.94     2.62   -25.26        19.94     2.62   -25.26     0.000
   20.88    -6.04    19.05        20.88    -6.04    19.05     0.000
   18.38    -7.03    16.10        18.38    -7.03    16.10     0.000
    2.99    11.31    63.29         2.99    11.31    63.29     0.000
   12.28     0.79   -20.79        12.28     0.79   -20.79     0.000
   -3.90    22.79    33.81        -3.90    22.79    33.81     0.000
   13.52    -5.76    53.74        13.52    -5.76    53.74     0.000
  -12.12     9.90    18.68       -12.12     9.90    18.68     0.000
    1.27    -6.76    44.94         1.27    -6.76    44.94     0.000
   21.68     8.13    57.35        21.68     8.13    57.35     0.000
   13.94    -5.52    53.57        13.94    -5.52    53.57     0.000
  -19.09    -8.10    -2.82       -19.09    -8.10    -2.82     0.000
  -29.56   -21.72    -8.47       -29.56   -21.72    -8.47     0.000
   -3.62    -9.76    14.68        -3.62    -9.76    14.68     0.000
    5.52   -16.75   -13.57         5.52   -16.75   -13.57     0.000
   -6.99    -7.68    15.56        -6.99    -7.68    15.56     0.000
   -6.52   -26.85   -31.02        -6.52   -26.85   -31.02     0.000
  -26.14    -3.70   -47.25       -26.14    -3.70   -47.25     0.000
