200 PA4-C-Debug-Answer.txt 0
  -21.35    12.06   -29.86       -21.35    12.06   -29.86     0.000
  -29.46   -14.95   -47.15       -29.46   -14.95   -47.15     0.000
   16.32    20.93    41.85        16.32    20.93    41.85     0.000
   30.01    17.09    12.56        30.01    17.09    12.56     0.000
   20.43    24.42    10.44        20.43    24.42    10.44     0.000
  -25.24     4.99   -14.14       -25.24     4.99   -14.14     0.000
   38.34     1.41   -12.57        38.34     1.41   -12.57     0.000
  -13.54    18.08    34.49       -13.54    18.08    34.49     0.000
    6.89     4.84   -17.84         6.89     4.84   -17.84     0.000
   -0.34   -11.61     7.23        -0.34   -11.61     7.23     0.000
   10.23    -8.14   -21.78        10.23    -8.14   -21.78     0.000
   36.87    -2.29    -7.59        36.87    -2.29    -7.59     0.000
  -34.88     6.55   -22.16       -34.88     6.55   -22.16     0.000
   12.20    21.13   -28.41        12.20    21.13   -28.41     0.000
   -5.72   -12.57     2.00        -5.72   -12.57     2.00     0.000
  -39.22   -21.21   -18.21       -39.22   -21.21   -18.21     0.000
   -2.10   -21.21   -33.64        -2.10   -21.21   -33.64     0.000
   -8.03    -7.79    10.99        -8.03    -7.79    10.99     0.000
  -11.58     6.51    19.73       -11.58     6.51    19.73     0.000
  -41.34   -10.34   -15.87       -41.34   -10.34   -15.87     0.000
   25.70   -12.81    -6.15        25.70   -12.81    -6.15     0.000
    4.14   -12.56     4.52         4.14   -12.56     4.52     0.000
  -14.01     8.99   -35.84       -14.01     8.99   -35.84     0.000
  -32.60    -8.17    -7.99       -32.60    -8.17    -7.99     0.000
   22.70     4.35    46.63        22.70     4.35    46.63     0.000
  -10.64   -28.32   -35.11       -10.64   -28.32   -35.11     0.000
   31.34     4.27   -27.04        31.34     4.27   -27.04     0.000
    1.20     2.38   -22.91         1.20     2.38   -22.91     0.000
   18.29    16.16    58.12        18.29    16.16    58.12     0.000
  -32.54    -7.52    -8.25       -32.54    -7.52    -8.25     0.000
   -9.81    -7.94     7.73        -9.81    -7.94     7.73     0.000
   30.17    20.42   -16.48        30.17    20.42   -16.48     0.000
   24.49   -14.38   -10.49        24.49   -14.38   -10.49     0.000
   27.56     8.10    25.63        27.56     8.10    25.63     0.000
    7.69    25.41     8.87         7.69    25.41     8.87     0.000
   33.91    -5.38     6.93        33.91    -5.38     6.93     0.000
   30.25    13.01    15.95        30.25    13.01    15.95     0.000
  -15.58   -30.51   -19.08       -15.58   -30.51   -19.08     0.000
   -2.22    -2.43   -29.22        -2.22    -2.43   -29.22     0.000
   28.03     9.87   -29.77        28.03     9.87   -29.77     0.000
  -26.11    -6.43    -7.33       -26.11    -6.43    -7.33     0.000
  -13.70     4.52    -3.33       -13.70     4.52    -3.33     0.000
   -4.23    13.77    57.26        -4.23    13.77    57.26     0.000
   28.49    21.33     8.20        28.49    21.33     8.20     0.000
   25.50    24.12    -0.18        25.50    24.12    -0.18     0.000
    9.33    -3.45   -22.06         9.33    -3.45   -22.06     0.000
   22.20    21.66    18.90        22.20    21.66    18.90     0.000
   17.07    21.60    36.18        17.07    21.60    36.18     0.000
  -16.33   -30.49   -18.51       -16.33   -30.49   -18.51     0.000
   -0.42    -6.13    46.04        -0.42    -6.13    46.04     0.000
   16.42    -4.60    48.45        16.42    -4.60    48.45     0.000
   -7.55   -11.88   -44.75        -7.55   -11.88   -44.75     0.000
    7.45    12.97    63.17         7.45    12.97    63.17     0.000
  -27.85   -27.67   -13.38       -27.85   -27.67   -13.38     0.000
   21.46    -0.91    42.62        21.46    -0.91    42.62     0.000
  -21.93    12.28   -28.11       -21.93    12.28   -28.11     0.000
   -5.02    -2.22    50.58        -5.02    -2.22    50.58     0.000
  -26.80   -28.73   -14.77       -26.80   -28.73   -14.77     0.000
  -39.65     2.18   -29.44       -39.65     2.18   -29.44     0.000
    7.11    13.99    63.14         7.11    13.99    63.14     0.000
   17.20    23.21   -26.90        17.20    23.21   -26.90     0.000
  -12.35    10.01   -26.60       -12.35    10.01   -26.60     0.000
   -8.89     7.12   -30.27        -8.89     7.12   -30.27     0.000
   17.85    -7.47   -22.79        17.85    -7.47   -22.79     0.000
   21.63     7.99    57.81        21.63     7.99    57.81     0.000
   15.01    -0.35   -21.64        15.01    -0.35   -21.64     0.000
   23.65    13.25   -30.08        23.65    13.25   -30.08     0.000
   38.63     1.68   -11.82        38.63     1.68   -11.82     0.000
  -10.82    18.49    36.98       -10.82    18.49    36.98     0.000
   10.49    20.71    56.55        10.49    20.71    56.55     0.000
   31.56    19.48    -8.30        31.56    19.48    -8.30     0.000
  -21.14   -31.95   -19.74       -21.14   -31.95   -19.74     0.000
   20.11    15.40    49.06        20.11    15.40    49.06     0.000
   -2.60    15.85    53.72        -2.60    15.85    53.72     0.000
  -27.11   -30.25   -35.01       -27.11   -30.25   -35.01     0.000
  -24.40     9.83   -35.67       -24.40     9.83   -35.67     0.000
   13.12   -13.09   -17.22        13.12   -13.09   -17.22     0.000
   37.21     8.29   -12.08        37.21     8.29   -12.08     0.000
    9.80    -6.49    35.76         9.80    -6.49    35.76     0.000
  -18.66   -32.54   -26.61       -18.66   -32.54   -26.61     0.000
    9.87    -6.78    28.75         9.87    -6.78    28.75     0.000
   15.59    21.30    40.97        15.59    21.30    40.97     0.000
  -14.12     6.78   -39.76       -14.12     6.78   -39.76     0.000
   -2.29    -6.53   -36.57        -2.29    -6.53   -36.57     0.000
   23.66    22.76   -23.04        23.66    22.76   -23.04     0.000
   -4.25     4.33   -25.88        -4.25     4.33   -25.88     0.000
   11.79    25.55    -6.01        11.79    25.55    -6.01     0.000
    6.81    -9.18    17.07         6.81    -9.18    17.07     0.000
   21.21    11.74    54.74        21.21    11.74    54.74     0.000
   -7.27    -3.43   -42.38        -7.27    -3.43   -42.38     0.000
   15.15    -5.39    45.08        15.15    -5.39    45.08     0.000
   23.43    24.83    -7.10        23.43    24.83    -7.10     0.000
   23.36     2.51    41.47        23.36     2.51    41.47     0.000
  -18.40    -7.71    -2.35       -18.40    -7.71    -2.35     0.000
   -4.92    24.47    22.31        -4.92    24.47    22.31     0.000
   -2.80     8.51   -15.87        -2.80     8.51   -15.87     0.000
  -17.31    -7.23    -0.66       -17.31    -7.23    -0.66     0.000
    0.84    -6.52   -27.66         0.84    -6.52   -27.66     0.000
    2.47    -7.22    56.79         2.47    -7.22    56.79     0.000
  -14.18   -11.95   -48.31       -14.18   -11.95   -48.31     0.000
   10.11     6.22   -15.85        10.11     6.22   -15.85     0.000
  -40.57   -20.39   -20.76       -40.57   -20.39   -20.76     0.000
   36.19     1.13    10.83        36.19     1.13    10.83     0.000
  -18.50    12.23   -27.98       -18.50    12.23   -27.98     0.000
    3.68    24.10    11.82         3.68    24.10    11.82     0.000
   25.18    23.30   -19.52        25.18    23.30   -19.52     0.000
   28.38   -11.59   -12.22        28.38   -11.59   -12.22     0.000
   18.14    23.52   -26.03        18.14    23.52   -26.03     0.000
   32.66    14.44    11.66        32.66    14.44    11.66     0.000
   21.94    15.31    38.18        21.94    15.31    38.18     0.000
   18.05    25.71   -11.91        18.05    25.71   -11.91     0.000
   21.20     4.78   -28.61        21.20     4.78   -28.61     0.000
    4.95    21.42    37.09         4.95    21.42    37.09     0.000
   -8.45    11.36     9.63        -8.45    11.36     9.63     0.000
    7.05    25.15    11.67         7.05    25.15    11.67     0.000
   25.98     2.95   -29.82        25.98     2.95   -29.82     0.000
   17.04    -0.33   -22.28        17.04    -0.33   -22.28     0.000
   25.98     3.28    31.01        25.98     3.28    31.01     0.000
   -3.39    -5.59    36.18        -3.39    -5.59    36.18     0.000
  -37.25   -23.92   -18.61       -37.25   -23.92   -18.61     0.000
  -38.76     0.52   -35.28       -38.76     0.52   -35.28     0.000
   20.09     3.00    62.16        20.09     3.00    62.16     0.000
   20.46    13.14    58.41        20.46    13.14    58.41     0.000
  -33.03    -0.80   -42.95       -33.03    -0.80   -42.95     0.000
  -25.52   -29.03   -14.71       -25.52   -29.03   -14.71     0.000
  -33.92     3.58   -14.95       -33.92     3.58   -14.95     0.000
  -13.86    22.76    24.11       -13.86    22.76    24.11     0.000
  -14.77    -8.32     1.34       -14.77    -8.32     1.34     0.000
  -43.13    -6.68   -20.07       -43.13    -6.68   -20.07     0.000
   39.17     9.65     0.40        39.17     9.65     0.40     0.000
    2.75    -7.30    60.75         2.75    -7.30    60.75     0.000
   15.13    -7.37    17.43        15.13    -7.37    17.43     0.000
    7.90    -4.00    63.41         7.90    -4.00    63.41     0.000
   -7.25    -3.46    27.35        -7.25    -3.46    27.35     0.000
  -21.18   -19.21   -47.34       -21.18   -19.21   -47.34     0.000
   29.83    18.71   -20.97        29.83    18.71   -20.97     0.000
   11.78    12.52    63.12        11.78    12.52    63.12     0.000
  -11.37   -26.49   -14.93       -11.37   -26.49   -14.93     0.000
  -36.65   -21.43   -14.11       -36.65   -21.43   -14.11     0.000
  -21.97   -32.71   -26.09       -21.97   -32.71   -26.09     0.000
  -11.30    -0.04    14.23       -11.30    -0.04    14.23     0.000
   10.62    -3.32   -21.94        10.62    -3.32   -21.94     0.000
   13.11   -17.30    -7.60        13.11   -17.30    -7.60     0.000
  -18.46   -31.45   -34.35       -18.46   -31.45   -34.35     0.000
   12.83    23.18    26.96        12.83    23.18    26.96     0.000
   15.16    19.18    55.99        15.16    19.18    55.99     0.000
  -31.80    -9.21   -46.88       -31.80    -9.21   -46.88     0.000
   -4.55    -0.98   -36.31        -4.55    -0.98   -36.31     0.000
    4.97    -7.10    49.41         4.97    -7.10    49.41     0.000
  -14.87   -21.02   -44.96       -14.87   -21.02   -44.96     0.000
   -7.83    -3.87    23.48        -7.83    -3.87    23.48     0.000
   -2.36     7.90   -17.68        -2.36     7.90   -17.68     0.000
   21.76    16.62    35.39        21.76    16.62    35.39     0.000
   29.35    -8.37     3.27        29.35    -8.37     3.27     0.000
  -38.75     1.83   -33.13       -38.75     1.83   -33.13     0.000
  -43.09   -12.21   -20.91       -43.09   -12.21   -20.91     0.000
   29.31   -10.82   -18.28        29.31   -10.82   -18.28     0.000
   -7.28     6.39    38.91        -7.28     6.39    38.91     0.000
   -6.03    -0.52    39.83        -6.03    -0.52    39.83     0.000
   11.66    21.40    50.91        11.66    21.40    50.91     0.000
  -39.75     0.64   -19.09       -39.75     0.64   -19.09     0.000
   13.82    -7.24    19.48        13.82    -7.24    19.48     0.000
  -10.24    -1.10   -43.55       -10.24    -1.10   -43.55     0.000
   -4.43   -25.31   -29.42        -4.43   -25.31   -29.42     0.000
    2.32    18.65    53.98         2.32    18.65    53.98     0.000
   10.74    -6.71    60.40        10.74    -6.71    60.40     0.000
  -23.35   -21.04   -46.09       -23.35   -21.04   -46.09     0.000
   24.63    10.31    35.97        24.63    10.31    35.97     0.000
  -12.65   -23.33   -10.52       -12.65   -23.33   -10.52     0.000
   25.80    -5.51    13.94        25.80    -5.51    13.94     0.000
   24.93   -11.69    -2.65        24.93   -11.69    -2.65     0.000
   18.28    25.83     7.74        18.28    25.83     7.74     0.000
  -28.58   -19.09   -46.23       -28.58   -19.09   -46.23     0.000
   18.48    -5.67    26.01        18.48    -5.67    26.01     0.000
  -40.48   -21.33   -24.76       -40.48   -21.33   -24.76     0.000
  -10.61     4.03   -39.90       -10.61     4.03   -39.90     0.000
   -2.52     0.38   -27.63        -2.52     0.38   -27.63     0.000
  -17.41   -22.44    -8.70       -17.41   -22.44    -8.70     0.000
   29.28    16.30   -23.68        29.28    16.30   -23.68     0.000
   34.79    -3.83    -2.51        34.79    -3.83    -2.51     0.000
  -11.71     5.83    15.56       -11.71     5.83    15.56     0.000
   24.71     4.46    36.19        24.71     4.46    36.19     0.000
  -11.78     6.67    14.25       -11.78     6.67    14.25     0.000
   31.90    15.28   -21.07        31.90    15.28   -21.07     0.000
   22.09    25.26    -7.96        22.09    25.26    -7.96     0.000
  -25.10   -31.16   -34.19       -25.10   -31.16   -34.19     0.000
  -39.48     2.32   -30.00       -39.48     2.32   -30.00     0.000
   15.43    18.23    61.40        15.43    18.23    61.40     0.000
  -10.80    10.47    14.08       -10.80    10.47    14.08     0.000
   19.67   -13.59   -18.09        19.67   -13.59   -18.09     0.000
    1.18    -6.80   -27.33         1.18    -6.80   -27.33     0.000
   -6.69     3.54    47.36        -6.69     3.54    47.36     0.000
  -10.01    13.02    13.77       -10.01    13.02    13.77     0.000
    8.77    -2.57   -22.18         8.77    -2.57   -22.18     0.000
    1.33    22.50    11.19         1.33    22.50    11.19     0.000
  -24.82   -24.22    -9.15       -24.82   -24.22    -9.15     0.000
  -36.44   -22.89   -36.93       -36.44   -22.89   -36.93     0.000
   -6.77     4.22    44.86        -6.77     4.22    44.86     0.000
   12.71    20.51    57.44        12.71    20.51    57.44     0.000
   33.02    -2.01    12.95        33.02    -2.01    12.95     0.000
