150 PA5-B-Debug-Answer.txt 6
   -6.7269  -71.2102    3.2484 -117.1532  -62.1636   52.9651
   -1.08     8.98   -20.31        -1.08     8.98   -20.31     0.000
   -6.11     9.48    25.12        -6.11     9.48    25.12     0.000
   18.85     3.66    56.78        18.85     3.66    56.78     0.000
   18.91    -7.07    13.40        18.91    -7.07    13.40     0.000
  -15.27    -8.38     2.68       -15.27    -8.38     2.68     0.000
  -15.28     6.29   -36.58       -15.28     6.29   -36.58     0.000
   34.85    -4.40    -5.05        34.85    -4.40    -5.05     0.000
   22.95    -1.78   -30.22        22.95    -1.78   -30.22     0.000
   17.82    10.24   -23.86        17.82    10.24   -23.86     0.000
  -18.03   -32.32   -34.49       -18.03   -32.32   -34.49     0.000
  -45.65   -11.80   -20.61       -45.65   -11.80   -20.61     0.000
   14.56    23.99   -30.20        14.56    23.99   -30.20     0.000
  -37.96   -26.60   -29.72       -37.96   -26.60   -29.72     0.000
   -5.91    -0.84    62.21        -5.91    -0.84    62.21     0.000
  -21.78   -11.06   -46.72       -21.78   -11.06   -46.72     0.000
   14.40    -7.16    19.27        14.40    -7.16    19.27     0.000
   -0.40    28.53    12.65        -0.40    28.53    12.65     0.000
    9.93    28.12     1.72         9.93    28.12     1.72     0.000
  -33.15   -11.76    -4.19       -33.15   -11.76    -4.19     0.000
  -39.94    -7.24    -9.00       -39.94    -7.24    -9.00     0.000
   -2.16   -26.04   -22.69        -2.16   -26.04   -22.69     0.000
   -9.27     6.17   -33.58        -9.27     6.17   -33.58     0.000
   10.43    -7.31    58.27        10.43    -7.31    58.27     0.000
  -12.56    10.24   -32.31       -12.56    10.24   -32.31     0.000
   15.33    -7.48    16.45        15.33    -7.48    16.45     0.000
   -7.15     4.81    24.97        -7.15     4.81    24.97     0.000
   19.55    -1.17    35.42        19.55    -1.17    35.42     0.000
  -11.09   -26.07   -39.74       -11.09   -26.07   -39.74     0.000
  -16.33    -5.95     2.19       -16.33    -5.95     2.19     0.000
  -20.03   -34.41   -18.03       -20.03   -34.41   -18.03     0.000
   21.18    24.72   -29.91        21.18    24.72   -29.91     0.000
   -9.28   -30.40   -32.57        -9.28   -30.40   -32.57     0.000
   19.19    29.28   -21.13        19.19    29.28   -21.13     0.000
   35.77    15.61     5.24        35.77    15.61     5.24     0.000
    7.85    -8.52    30.29         7.85    -8.52    30.29     0.000
   15.26    14.68   -16.57        15.26    14.68   -16.57     0.000
   -6.99   -20.73   -40.91        -6.99   -20.73   -40.91     0.000
   14.40    -6.33    29.95        14.40    -6.33    29.95     0.000
   -6.61    27.27    29.85        -6.61    27.27    29.85     0.000
   -6.29    17.19    36.15        -6.29    17.19    36.15     0.000
  -40.38     1.53   -21.45       -40.38     1.53   -21.45     0.000
    2.49    18.76    48.20         2.49    18.76    48.20     0.000
  -26.91   -34.79   -22.43       -26.91   -34.79   -22.43     0.000
   30.48     4.82    15.87        30.48     4.82    15.87     0.000
   36.55     1.12     9.40        36.55     1.12     9.40     0.000
   -9.91   -14.96     0.60        -9.91   -14.96     0.60     0.000
   -0.41    29.04    13.11        -0.41    29.04    13.11     0.000
  -13.24   -15.18   -45.76       -13.24   -15.18   -45.76     0.000
   -6.87     1.03    46.13        -6.87     1.03    46.13     0.000
   -5.42   -28.77   -19.98        -5.42   -28.77   -19.98     0.000
   -0.55   -12.37    11.97        -0.55   -12.37    11.97     0.000
   14.74     1.86    62.12        14.74     1.86    62.12     0.000
   13.62   -10.02     6.62        13.62   -10.02     6.62     0.000
   24.05    -8.65   -24.24        24.05    -8.65   -24.24     0.000
    0.45   -11.10   -24.58         0.45   -11.10   -24.58     0.000
    6.13    21.16    40.44         6.13    21.16    40.44     0.000
   40.49     3.16    -4.33        40.49     3.16    -4.33     0.000
    1.41   -11.22    19.58         1.41   -11.22    19.58     0.000
  -31.04   -30.71   -32.72       -31.04   -30.71   -32.72     0.000
  -35.61   -29.26   -17.78       -35.61   -29.26   -17.78     0.000
   27.53    -9.78     5.07        27.53    -9.78     5.07     0.000
    0.17    -1.21   -25.89         0.17    -1.21   -25.89     0.000
   29.67    -6.77   -25.58        29.67    -6.77   -25.58     0.000
    0.58   -12.92     9.20         0.58   -12.92     9.20     0.000
   -6.98     5.60   -28.95        -6.98     5.60   -28.95     0.000
  -41.05   -11.57   -36.40       -41.05   -11.57   -36.40     0.000
   22.35     1.57    30.74        22.35     1.57    30.74     0.000
   28.08    12.64    21.39        28.08    12.64    21.39     0.000
   -6.18    -5.56    32.74        -6.18    -5.56    32.74     0.000
   -0.90     0.78    62.51        -0.90     0.78    62.51     0.000
   -8.75   -23.44    -9.07        -8.75   -23.44    -9.07     0.000
   11.78    11.00    63.14        11.78    11.00    63.14     0.000
   -6.20     5.18    47.49        -6.20     5.18    47.49     0.000
    2.94    22.36     5.12         2.94    22.36     5.12     0.000
    5.08    13.03   -13.09         5.08    13.03   -13.09     0.000
   -2.75    17.18     8.20        -2.75    17.18     8.20     0.000
   25.27     4.57   -32.95        25.27     4.57   -32.95     0.000
    2.15    12.99    62.31         2.15    12.99    62.31     0.000
  -14.14   -32.30   -16.26       -14.14   -32.30   -16.26     0.000
  -29.29     5.47   -35.30       -29.29     5.47   -35.30     0.000
   -8.69   -17.76    -5.32        -8.69   -17.76    -5.32     0.000
  -20.08   -12.03    -1.66       -20.08   -12.03    -1.66     0.000
  -34.31     5.65   -28.31       -34.31     5.65   -28.31     0.000
   -7.47   -13.69     4.12        -7.47   -13.69     4.12     0.000
   22.07    -6.44    14.52        22.07    -6.44    14.52     0.000
   22.92    -8.08    10.80        22.92    -8.08    10.80     0.000
    5.45    27.55     7.98         5.45    27.55     7.98     0.000
  -18.70   -33.99   -14.45       -18.70   -33.99   -14.45     0.000
   -7.45    -4.78    61.86        -7.45    -4.78    61.86     0.000
   12.00    -7.00    40.33        12.00    -7.00    40.33     0.000
  -26.41     9.97   -29.23       -26.41     9.97   -29.23     0.000
   20.50   -10.85    -1.84        20.50   -10.85    -1.84     0.000
   11.28    20.67    41.93        11.28    20.67    41.93     0.000
  -31.73   -28.94   -11.66       -31.73   -28.94   -11.66     0.000
   -2.59   -11.00   -32.85        -2.59   -11.00   -32.85     0.000
   17.09    26.28    18.61        17.09    26.28    18.61     0.000
  -28.50     3.95   -37.96       -28.50     3.95   -37.96     0.000
  -36.83   -24.70   -11.10       -36.83   -24.70   -11.10     0.000
   -1.84   -10.54    45.80        -1.84   -10.54    45.80     0.000
   -8.77     5.03    11.98        -8.77     5.03    11.98     0.000
   21.93    -5.38    17.04        21.93    -5.38    17.04     0.000
   -6.63    -4.94    43.53        -6.63    -4.94    43.53     0.000
   -5.29     9.61    -2.11        -5.29     9.61    -2.11     0.000
   21.07     8.82    44.29        21.07     8.82    44.29     0.000
   35.47    -4.53   -11.27        35.47    -4.53   -11.27     0.000
   13.48    -9.76   -20.51        13.48    -9.76   -20.51     0.000
   -2.66   -13.66     4.74        -2.66   -13.66     4.74     0.000
   16.96    27.65   -15.85        16.96    27.65   -15.85     0.000
   22.47     5.02    34.82        22.47     5.02    34.82     0.000
   15.30    24.18   -15.05        15.30    24.18   -15.05     0.000
   23.51    11.79   -32.07        23.51    11.79   -32.07     0.000
    6.33   -10.98    13.90         6.33   -10.98    13.90     0.000
    0.29    11.72   -11.82         0.29    11.72   -11.82     0.000
   -8.22     0.78   -37.54        -8.22     0.78   -37.54     0.000
  -24.11   -34.59   -29.82       -24.11   -34.59   -29.82     0.000
   16.14    20.26   -18.79        16.14    20.26   -18.79     0.000
    7.46    -6.17   -22.73         7.46    -6.17   -22.73     0.000
   -7.20   -26.33   -35.98        -7.20   -26.33   -35.98     0.000
   26.91     0.15    18.03        26.91     0.15    18.03     0.000
   13.45    -6.39    38.15        13.45    -6.39    38.15     0.000
    2.90    27.01    10.08         2.90    27.01    10.08     0.000
    0.23    25.68     9.86         0.23    25.68     9.86     0.000
   14.03    30.32     2.08        14.03    30.32     2.08     0.000
   -8.04   -22.72    -9.10        -8.04   -22.72    -9.10     0.000
   -9.67    -6.96   -43.41        -9.67    -6.96   -43.41     0.000
    4.77    -8.58   -23.91         4.77    -8.58   -23.91     0.000
   17.73    28.11   -17.41        17.73    28.11   -17.41     0.000
  -13.11   -15.39    -1.88       -13.11   -15.39    -1.88     0.000
   -3.54    31.27    14.47        -3.54    31.27    14.47     0.000
   22.80    26.84     7.48        22.80    26.84     7.48     0.000
    4.97     5.65    62.61         4.97     5.65    62.61     0.000
    7.88   -15.44     1.82         7.88   -15.44     1.82     0.000
  -21.08   -33.12   -13.61       -21.08   -33.12   -13.61     0.000
   -8.61   -21.01    -8.51        -8.61   -21.01    -8.51     0.000
   -8.91     0.02    23.06        -8.91     0.02    23.06     0.000
   39.85     8.54    -2.81        39.85     8.54    -2.81     0.000
  -28.69   -33.26   -18.14       -28.69   -33.26   -18.14     0.000
   31.66    -9.84   -16.99        31.66    -9.84   -16.99     0.000
   29.36    -6.79   -25.68        29.36    -6.79   -25.68     0.000
  -38.18    -8.47   -39.64       -38.18    -8.47   -39.64     0.000
  -11.06    -2.40    13.95       -11.06    -2.40    13.95     0.000
  -15.11   -13.14    -0.42       -15.11   -13.14    -0.42     0.000
  -42.20   -19.83   -16.07       -42.20   -19.83   -16.07     0.000
  -43.76   -18.32   -20.19       -43.76   -18.32   -20.19     0.000
   14.81    12.03    62.38        14.81    12.03    62.38     0.000
  -23.46    11.62   -28.06       -23.46    11.62   -28.06     0.000
   -1.45   -12.79   -26.92        -1.45   -12.79   -26.92     0.000
    7.59    24.89    30.41         7.59    24.89    30.41     0.000
  -43.32   -19.14   -30.11       -43.32   -19.14   -30.11     0.000
    1.00   -10.63    47.77         1.00   -10.63    47.77     0.000
