75 PA4-B-Demo-Fast-Output.txt 0
   18.27    17.24   -30.71        18.27    17.24   -30.71     0.000
   -1.12    23.47    29.92        -1.12    23.47    29.92     0.000
   13.71    25.32    13.18        13.71    25.32    13.18     0.000
  -15.06   -29.57   -36.30       -15.06   -29.57   -36.30     0.000
  -33.09     6.14   -17.23       -33.09     6.14   -17.23     0.000
   20.50    16.18    43.89        20.50    16.18    43.89     0.000
   35.12     3.87   -20.75        35.12     3.87   -20.75     0.000
   27.66     8.50    25.10        27.66     8.50    25.10     0.000
  -25.96    11.13   -22.16       -25.96    11.13   -22.16     0.000
  -38.72     3.31   -29.65       -38.72     3.31   -29.65     0.000
   12.05    25.98    -4.78        12.05    25.98    -4.78     0.000
    4.72    11.77    63.23         4.72    11.77    63.23     0.000
   -3.35    10.54    -3.97        -3.35    10.54    -3.97     0.000
  -10.51   -12.18     0.61       -10.51   -12.18     0.61     0.000
  -13.26   -30.64   -31.94       -13.26   -30.64   -31.94     0.000
  -10.23   -22.54   -11.05       -10.23   -22.54   -11.05     0.000
    3.99    -3.91   -24.29         3.99    -3.91   -24.29     0.000
   14.25    -5.88    42.42        14.25    -5.88    42.42     0.000
   10.84    -6.97    25.05        10.84    -6.97    25.05     0.000
   15.46    21.26   -29.65        15.46    21.26   -29.65     0.000
  -14.99     2.86     0.46       -14.99     2.86     0.46     0.000
  -14.03    10.87   -22.38       -14.03    10.87   -22.38     0.000
    1.36     3.55   -21.73         1.36     3.55   -21.73     0.000
   22.56    10.06    49.24        22.56    10.06    49.24     0.000
   -0.18    21.69    11.74        -0.18    21.69    11.74     0.000
   -8.68   -25.27   -15.34        -8.68   -25.27   -15.34     0.000
    2.45    24.09    18.86         2.45    24.09    18.86     0.000
   -8.20    23.87    19.84        -8.20    23.87    19.84     0.000
   18.22    25.68   -12.24        18.22    25.68   -12.24     0.000
   18.98    -7.23    14.69        18.98    -7.23    14.69     0.000
  -28.06   -14.26   -47.56       -28.06   -14.26   -47.56     0.000
    0.01    19.66    43.96         0.01    19.66    43.96     0.000
   31.60    -8.18   -10.62        31.60    -8.18   -10.62     0.000
   38.09     0.53   -13.19        38.09     0.53   -13.19     0.000
    9.34   -13.97     2.55         9.34   -13.97     2.55     0.000
   23.22     3.40    43.41        23.22     3.40    43.41     0.000
   20.88    14.17    49.66        20.88    14.17    49.66     0.000
   33.35    17.68     3.57        33.35    17.68     3.57     0.000
   -4.50    23.90    31.07        -4.50    23.90    31.07     0.000
   22.82   -15.25    -7.70        22.82   -15.25    -7.70     0.000
    3.62    -6.71    63.11         3.62    -6.71    63.11     0.000
   20.17    19.71    31.48        20.17    19.71    31.48     0.000
   22.24    25.64    -3.07        22.24    25.64    -3.07     0.000
   -4.59   -24.39   -19.21        -4.59   -24.39   -19.21     0.000
    3.12    22.76    30.09         3.12    22.76    30.09     0.000
   -6.98   -24.41   -37.20        -6.98   -24.41   -37.20     0.000
   12.77    10.74   -13.34        12.77    10.74   -13.34     0.000
  -21.86   -10.83   -48.86       -21.86   -10.83   -48.86     0.000
   23.80    17.19   -27.85        23.80    17.19   -27.85     0.000
   -0.28    16.77    60.67        -0.28    16.77    60.67     0.000
   13.44    21.53   -25.41        13.44    21.53   -25.41     0.000
  -14.18    -2.73     6.03       -14.18    -2.73     6.03     0.000
   39.07     4.66   -10.32        39.07     4.66   -10.32     0.000
    8.83    22.21    32.85         8.83    22.21    32.85     0.000
  -38.22   -24.47   -27.98       -38.22   -24.47   -27.98     0.000
  -35.09   -27.19   -30.49       -35.09   -27.19   -30.49     0.000
   -3.51     3.87    63.34        -3.51     3.87    63.34     0.000
   13.10     2.88   -19.42        13.10     2.88   -19.42     0.000
   12.18   -13.79     2.87        12.18   -13.79     2.87     0.000
   -6.20   -22.23   -13.17        -6.20   -22.23   -13.17     0.000
   34.35    13.88     9.79        34.35    13.88     9.79     0.000
    6.31    20.12    52.19         6.31    20.12    52.19     0.000
   22.22    20.02    24.16        22.22    20.02    24.16     0.000
   22.31    25.10     4.57        22.31    25.10     4.57     0.000
   13.75    -7.50    17.55        13.75    -7.50    17.55     0.000
   25.34    16.51    22.80        25.34    16.51    22.80     0.000
   29.71    20.72   -17.25        29.71    20.72   -17.25     0.000
  -17.76   -10.24   -48.97       -17.76   -10.24   -48.97     0.000
   -9.28    -3.96    16.72        -9.28    -3.96    16.72     0.000
   -3.59    -4.98    38.94        -3.59    -4.98    38.94     0.000
  -11.39   -30.19   -29.55       -11.39   -30.19   -29.55     0.000
   18.10    26.54     4.05        18.10    26.54     4.05     0.000
  -28.89     3.49   -41.72       -28.89     3.49   -41.72     0.000
    9.69    -4.92    63.39         9.69    -4.92    63.39     0.000
   23.06    -7.06    11.15        23.06    -7.06    11.15     0.000
