200 PA4-E-Debug-Answer.txt 0
  -30.55     9.52   -21.31       -30.51     9.40   -21.35     0.132
   -3.50   -23.25   -32.86        -3.48   -23.29   -32.87     0.044
   -8.08     8.19   -12.98        -8.08     8.17   -12.98     0.023
   -5.96   -24.92   -34.51        -5.95   -24.93   -34.51     0.019
  -32.46    -7.39    -8.22       -32.45    -7.41    -8.26     0.044
   27.30     5.20    27.12        27.26     5.21    27.10     0.044
  -11.39    -3.06    11.54       -11.50    -3.13    11.59     0.142
    9.90    25.24    14.03         9.89    25.15    14.02     0.087
  -29.01   -21.28    -8.05       -29.03   -21.29    -8.02     0.035
   -9.02     2.62    24.59        -9.06     2.61    24.60     0.043
  -29.67     7.46   -36.06       -29.69     7.50   -36.07     0.049
  -22.58     9.49   -17.98       -22.58     9.42   -18.07     0.113
   20.57    -0.35    49.73        20.63    -0.38    49.74     0.065
    0.81    -8.09   -28.05         0.84    -8.09   -28.07     0.040
   37.24    -2.00     4.14        37.22    -1.98     4.14     0.026
  -22.78   -17.62    -6.29       -22.78   -17.62    -6.27     0.017
   33.47     8.86   -23.47        33.44     8.86   -23.45     0.039
  -38.42   -22.40   -18.18       -38.36   -22.36   -18.21     0.077
  -25.59    -1.42   -46.81       -25.60    -1.41   -46.83     0.029
   15.77    -6.46    21.24        15.81    -6.73    21.27     0.268
  -19.96   -13.18    -4.83       -19.96   -13.18    -4.81     0.016
   18.60    -1.53    58.27        18.53    -1.47    58.26     0.087
  -25.71    -0.43   -46.18       -25.72    -0.42   -46.21     0.032
    4.43    12.49    63.22         4.42    12.48    63.19     0.031
   38.20    -0.28     2.63        38.20    -0.28     2.63     0.003
   34.00    -3.83    10.40        34.00    -3.83    10.40     0.000
   -5.82    -0.38    40.52        -6.03    -0.43    40.53     0.212
   -6.82    19.51    14.07        -6.89    19.62    13.96     0.175
   -6.39    20.91    14.62        -6.31    20.80    14.75     0.190
   35.60    11.66   -14.65        35.60    11.66   -14.65     0.006
    6.28    17.82    62.82         6.29    17.89    62.88     0.102
   11.89    21.77    45.59        11.93    21.63    45.57     0.142
  -37.70   -11.40   -42.58       -37.63   -11.41   -42.54     0.084
  -11.14    21.98    18.64       -11.12    21.95    18.67     0.052
    5.36    -8.36    22.70         5.34    -8.27    22.69     0.090
  -25.79   -29.61   -37.08       -25.77   -29.55   -37.05     0.071
    5.87    23.83     3.94         5.94    23.75     3.96     0.102
  -10.73   -14.66   -46.27       -10.71   -14.68   -46.31     0.053
   -5.64   -22.62   -37.23        -5.55   -22.68   -37.29     0.120
    9.69   -15.15   -13.88         9.72   -15.37   -13.94     0.231
   13.94     6.71    62.99        13.94     6.71    63.02     0.023
  -35.03     3.95   -15.97       -35.09     4.00   -15.87     0.123
   14.07    -6.86    21.59        14.08    -6.94    21.60     0.083
   33.27    -6.01    -3.66        33.17    -5.94    -3.66     0.120
    7.90    20.49    45.78         7.88    20.63    45.79     0.139
   20.05    25.44     6.94        20.06    25.47     6.94     0.027
  -14.59   -24.73   -42.61       -14.60   -24.71   -42.58     0.031
   21.31    15.95    39.84        21.39    16.00    39.85     0.087
  -24.57     0.78   -45.81       -24.57     0.77   -45.79     0.014
   36.88    -1.54    -2.31        36.94    -1.60    -2.30     0.084
   39.87     7.65    -3.68        39.82     7.63    -3.67     0.049
   -8.93     9.23     5.51        -8.89     9.19     5.52     0.060
  -24.41    -7.98    -6.06       -24.40    -7.98    -6.09     0.035
  -13.96     5.25    -8.27       -13.95     5.23    -8.27     0.021
    2.84    18.58     2.16         2.88    18.56     2.17     0.044
   -9.46    -4.42    14.30        -9.53    -4.45    14.31     0.077
  -25.04    -0.05   -11.34       -25.03    -0.08   -11.37     0.045
   -6.76     1.42    36.31        -6.75     1.42    36.31     0.011
   28.38    -7.75     7.04        28.37    -7.69     7.02     0.060
   18.43   -12.71   -18.70        18.42   -12.72   -18.72     0.021
   21.65     8.79    56.40        21.75     8.79    56.42     0.098
   36.17    -3.40    -9.84        36.12    -3.35    -9.86     0.081
   13.61   -10.78   -20.15        13.60   -10.63   -20.00     0.217
   -4.54    -4.45    37.74        -4.46    -4.37    37.72     0.121
  -39.39   -14.64   -13.73       -39.36   -14.63   -13.75     0.039
    9.90    22.74    29.93         9.90    22.62    29.91     0.121
   -3.27   -14.46   -39.67        -3.29   -14.46   -39.64     0.041
   -1.51    -5.50    50.53        -1.52    -5.51    50.53     0.012
   34.38    -3.14    10.56        34.39    -3.15    10.58     0.023
   -7.82   -10.65     4.66        -7.81   -10.63     4.64     0.035
  -26.11   -28.67   -14.47       -26.13   -28.76   -14.43     0.097
    0.52    10.86    -7.95         0.53    10.83    -7.94     0.030
   20.04     0.41   -24.42        20.04     0.41   -24.42     0.004
   -4.98    -2.37    62.26        -5.01    -2.39    62.25     0.042
    1.29    -3.87   -26.17         1.28    -3.87   -26.16     0.014
  -43.12    -9.66   -20.14       -43.08    -9.66   -20.15     0.031
   25.48    16.13   -27.66        25.47    16.11   -27.64     0.025
  -40.31    -1.21   -17.57       -40.31    -1.21   -17.57     0.010
    3.49    18.98    56.29         3.53    18.86    56.28     0.129
   25.42     5.94    34.10        25.42     5.94    34.10     0.001
   -7.06     6.79    50.17        -7.00     6.78    50.17     0.065
   14.69   -17.38    -9.40        14.71   -17.27    -9.37     0.117
   28.69     0.69    21.10        28.60     0.73    21.05     0.116
  -38.83   -21.16   -17.46       -38.83   -21.15   -17.46     0.006
   23.82     4.49   -29.88        23.79     4.46   -29.97     0.106
   -8.91     7.59    30.82        -8.93     7.58    30.83     0.022
  -14.06    10.83   -21.64       -14.08    10.74   -21.66     0.090
  -34.10    -5.15   -44.30       -34.11    -5.15   -44.31     0.002
   -1.04   -10.28    16.21        -1.04   -10.26    16.21     0.014
    9.89     8.38    63.04         9.89     8.38    63.05     0.002
  -11.96     9.64    16.67       -11.85     9.66    16.68     0.112
  -29.88   -29.38   -18.47       -29.88   -29.39   -18.47     0.004
    8.12    -6.93    30.19         8.12    -6.91    30.18     0.020
  -22.26     8.86   -37.54       -22.26     8.89   -37.56     0.035
  -43.09   -16.10   -26.26       -43.10   -16.10   -26.26     0.011
    9.14    21.89    -7.34         9.09    21.93    -7.36     0.072
  -36.03   -19.69   -11.89       -36.01   -19.66   -11.93     0.058
   18.85    21.66    28.32        18.83    21.62    28.31     0.045
    3.89    -7.30    32.52         3.89    -7.29    32.52     0.003
   31.21    17.01   -20.05        31.25    17.03   -20.06     0.042
  -10.13   -18.51    -7.77       -10.13   -18.60    -7.66     0.151
   -5.60    -1.17    48.87        -5.56    -1.15    48.87     0.045
   13.59    21.99    37.48        13.62    22.12    37.47     0.125
   20.30    11.44   -30.70        20.30    11.44   -30.71     0.015
   13.51    27.14     4.49        13.51    27.12     4.49     0.017
   -3.36    -4.98    43.57        -3.33    -4.94    43.57     0.054
  -42.57    -9.90   -18.42       -42.59    -9.90   -18.42     0.019
   -9.49     7.13    26.84        -9.85     6.98    26.92     0.404
   33.96    -4.71   -20.60        33.87    -4.65   -20.58     0.112
    7.40    25.45     6.05         7.39    25.48     6.05     0.037
  -19.32   -24.50    -9.54       -19.30   -24.54    -9.47     0.079
   26.22    -9.77     1.19        26.23    -9.91     1.24     0.142
   34.57    15.14     7.68        34.53    15.10     7.66     0.052
   -6.27    -8.34    15.07        -6.29    -8.37    15.08     0.036
   -5.51    -1.54    56.48        -5.43    -1.51    56.48     0.091
  -34.95     1.31   -40.07       -34.93     1.29   -40.04     0.038
    2.94    23.32    28.11         2.93    23.23    28.10     0.091
   35.06     7.51   -19.90        35.23     7.53   -19.97     0.182
  -19.32   -24.90   -43.71       -19.31   -24.90   -43.71     0.014
  -30.10   -30.86   -24.75       -30.07   -30.79   -24.75     0.081
  -41.83    -1.04   -27.31       -41.90    -0.99   -27.32     0.088
    2.43    -7.95    27.21         2.44    -8.01    27.22     0.060
   31.26    13.39   -24.38        31.12    13.30   -24.28     0.198
   -0.24    -6.87   -29.08        -0.19    -6.86   -29.12     0.070
   13.62    -5.79    55.67        13.57    -5.70    55.66     0.103
   -3.93    -2.28   -35.21        -3.90    -2.27   -35.21     0.032
   15.60    19.55   -30.82        15.59    19.57   -30.84     0.035
    6.82    -8.26    19.40         6.87    -8.42    19.45     0.178
   24.78    16.44   -27.71        24.80    16.47   -27.75     0.056
  -15.19   -17.27   -47.16       -15.19   -17.28   -47.17     0.009
    0.70    -6.95    35.67         0.70    -7.04    35.69     0.091
   32.24     8.35   -25.81        32.29     8.35   -25.84     0.061
  -22.11     2.37   -11.65       -22.13     2.39   -11.63     0.033
  -36.91   -11.50   -43.38       -36.98   -11.50   -43.44     0.099
   -8.23    25.03    24.30        -8.23    25.02    24.30     0.012
    8.11   -10.61   -21.96         8.14   -10.63   -22.01     0.063
   12.07    -6.51    60.03        11.98    -6.28    60.03     0.247
   16.56    22.50    28.45        16.55    22.43    28.43     0.067
    7.91    22.22    32.51         7.91    22.20    32.50     0.027
   17.70   -12.94   -18.44        17.72   -12.89   -18.37     0.093
   19.84    -8.42   -23.01        19.83    -8.45   -23.04     0.044
   -1.49   -13.43    -0.07        -1.49   -13.48    -0.05     0.050
    9.61    21.23    52.82         9.61    21.06    52.80     0.169
  -14.48    17.47    33.27       -14.53    17.48    33.30     0.054
   35.34    -4.60   -15.73        35.28    -4.57   -15.73     0.069
   -4.71    12.28    61.37        -4.78    12.33    61.38     0.090
   28.15    18.59   -22.85        28.17    18.62   -22.87     0.043
  -26.80   -32.12   -26.28       -26.81   -32.18   -26.28     0.058
  -12.28     2.47    12.12       -12.25     2.47    12.12     0.038
   27.08    21.10   -21.40        27.15    21.18   -21.48     0.125
   39.96     4.48     1.35        39.80     4.50     1.34     0.160
   14.07    22.03    34.79        14.07    22.17    34.83     0.142
    3.93    14.13    -5.77         3.97    14.08    -5.72     0.080
   -3.62     2.26    63.14        -3.62     2.26    63.14     0.004
   20.94    19.03   -28.46        20.95    19.05   -28.48     0.030
   -9.61     2.42    21.63        -9.70     2.40    21.65     0.091
  -18.28    -3.89   -47.46       -18.28    -3.89   -47.47     0.013
   16.67    19.30    48.27        16.67    19.30    48.27     0.000
   24.60     5.58    37.52        24.61     5.58    37.53     0.011
   14.75   -17.47    -8.51        14.74   -17.51    -8.52     0.046
  -40.27    -8.01   -34.63       -40.26    -8.01   -34.63     0.003
  -13.36    18.07    34.83       -13.30    18.05    34.77     0.082
  -19.71   -31.67   -17.59       -19.73   -31.63   -17.61     0.048
   -6.06    14.18     9.29        -6.10    14.20     9.27     0.048
  -24.96   -11.39   -48.55       -24.98   -11.40   -48.60     0.052
   30.21    20.00   -18.09        30.17    19.97   -18.08     0.056
    1.91    16.86     1.76         1.85    16.91     1.73     0.084
  -24.76   -12.23   -48.50       -24.76   -12.23   -48.53     0.038
   30.26   -10.73   -14.46        30.19   -10.66   -14.48     0.097
    2.41    21.55    35.15         2.42    21.61    35.17     0.067
   -3.77    -4.98    38.13        -3.76    -4.97    38.13     0.016
  -14.37    -5.81     4.05       -14.33    -5.79     4.02     0.054
  -21.29   -22.74    -8.23       -21.28   -22.77    -8.18     0.071
   24.41    16.49    25.21        24.53    16.55    25.25     0.137
  -21.87    -5.59    -5.00       -21.91    -5.57    -4.96     0.058
   -8.03    -5.86   -44.32        -7.97    -5.82   -44.39     0.097
  -16.54     6.26   -13.15       -16.53     6.25   -13.16     0.015
   18.27    26.61    -4.41        18.28    26.63    -4.41     0.019
   19.00    -6.22    19.55        19.02    -6.37    19.56     0.155
   20.06     0.96    59.82        19.94     1.02    59.80     0.136
   11.04   -11.53   -19.85        11.06   -11.56   -19.89     0.057
   11.71    25.42    13.47        11.73    25.27    13.43     0.155
   30.20     0.07   -27.48        30.22     0.05   -27.50     0.033
   -6.82     9.26    -1.93        -6.76     9.18    -1.92     0.099
   34.69    15.36     6.69        34.73    15.40     6.71     0.068
  -30.27     9.94   -24.10       -30.29     9.98   -24.10     0.040
  -30.15     9.84   -29.34       -30.14     9.81   -29.33     0.037
  -30.62     5.61   -39.06       -30.62     5.61   -39.06     0.004
  -18.94   -29.37   -38.16       -18.91   -29.47   -38.23     0.114
  -38.88   -21.26   -33.88       -38.93   -21.29   -33.90     0.059
  -16.72     1.56    -2.11       -16.75     1.58    -2.10     0.041
   -4.54    -3.72    39.16        -4.56    -3.74    39.17     0.029
    7.36    24.31    17.84         7.35    24.41    17.86     0.100
    8.39    20.81    45.25         8.40    20.75    45.25     0.060
  -18.30     4.76   -11.98       -18.30     4.75   -11.98     0.012
  -31.14     5.80   -37.98       -31.17     5.87   -38.00     0.080
   -2.82    -2.47   -30.09        -2.79    -2.46   -30.11     0.041
   37.36    12.59     1.93        37.38    12.60     1.93     0.022
   -3.61    11.77    -0.80        -3.52    11.64    -0.76     0.163
  -39.90     1.88   -28.75       -39.89     1.88   -28.75     0.006
