75 PA4-A-Demo-Fast-Output.txt 0
    5.27    23.63     4.75         5.27    23.63     4.75     0.000
   -5.89   -12.20     2.81        -5.89   -12.20     2.81     0.000
   -6.24    -1.18    36.73        -6.24    -1.18    36.73     0.000
   24.44    12.94    32.66        24.44    12.94    32.66     0.000
   24.87     8.63   -30.52        24.87     8.63   -30.52     0.000
  -28.64     0.77   -12.59       -28.64     0.77   -12.59     0.000
   30.30    15.05    14.11        30.30    15.05    14.11     0.000
   -5.29     8.70   -12.28        -5.29     8.70   -12.28     0.000
   -4.25    24.12    29.48        -4.25    24.12    29.48     0.000
  -11.00   -30.12   -28.62       -11.00   -30.12   -28.62     0.000
   14.09    20.69    52.63        14.09    20.69    52.63     0.000
   31.11     9.10    17.06        31.11     9.10    17.06     0.000
    7.49   -16.27   -13.49         7.49   -16.27   -13.49     0.000
    4.21    19.27    53.58         4.21    19.27    53.58     0.000
  -27.97   -22.15   -44.71       -27.97   -22.15   -44.71     0.000
   21.80    20.79    22.84        21.80    20.79    22.84     0.000
   38.52     6.92    -9.88        38.52     6.92    -9.88     0.000
  -21.71   -32.58   -31.03       -21.71   -32.58   -31.03     0.000
    5.31   -11.42    11.26         5.31   -11.42    11.26     0.000
   25.03   -14.30   -12.93        25.03   -14.30   -12.93     0.000
    0.37    19.77    43.90         0.37    19.77    43.90     0.000
  -37.07   -21.03   -14.49       -37.07   -21.03   -14.49     0.000
   26.54    10.54    27.50        26.54    10.54    27.50     0.000
   -7.57   -27.89   -29.15        -7.57   -27.89   -29.15     0.000
   34.75    15.65    -7.18        34.75    15.65    -7.18     0.000
  -14.48    18.23    19.23       -14.48    18.23    19.23     0.000
  -20.64   -31.18   -17.09       -20.64   -31.18   -17.09     0.000
    6.98    -6.92    47.25         6.98    -6.92    47.25     0.000
   32.03    -6.33     7.49        32.03    -6.33     7.49     0.000
  -25.76   -27.18   -12.04       -25.76   -27.18   -12.04     0.000
   -1.44    19.70    41.89        -1.44    19.70    41.89     0.000
   -7.54    15.01    40.51        -7.54    15.01    40.51     0.000
  -18.21   -32.40   -25.53       -18.21   -32.40   -25.53     0.000
  -39.18    -6.91   -39.86       -39.18    -6.91   -39.86     0.000
   -1.26    -6.93    34.06        -1.26    -6.93    34.06     0.000
   -9.31     8.11   -14.17        -9.31     8.11   -14.17     0.000
   40.30     2.90    -3.52        40.30     2.90    -3.52     0.000
   -6.95     3.86    36.73        -6.95     3.86    36.73     0.000
   24.10    -3.68    23.43        24.10    -3.68    23.43     0.000
  -11.85     2.15   -42.68       -11.85     2.15   -42.68     0.000
   -0.96    18.79     7.86        -0.96    18.79     7.86     0.000
  -15.12    10.61   -21.26       -15.12    10.61   -21.26     0.000
  -18.12   -13.12   -48.83       -18.12   -13.12   -48.83     0.000
   23.91    -5.35    17.38        23.91    -5.35    17.38     0.000
   29.61    -9.06     0.83        29.61    -9.06     0.83     0.000
  -36.47    -3.01   -41.71       -36.47    -3.01   -41.71     0.000
   -8.70    -3.79    19.62        -8.70    -3.79    19.62     0.000
   18.99     0.33   -23.52        18.99     0.33   -23.52     0.000
  -10.92   -30.03   -28.86       -10.92   -30.03   -28.86     0.000
   -5.76    11.16    59.78        -5.76    11.16    59.78     0.000
  -22.59   -21.91   -45.71       -22.59   -21.91   -45.71     0.000
  -22.21     6.39   -40.95       -22.21     6.39   -40.95     0.000
   -7.04     4.88    57.16        -7.04     4.88    57.16     0.000
   -8.51     6.50   -32.00        -8.51     6.50   -32.00     0.000
   13.06    12.32    63.09        13.06    12.32    63.09     0.000
   -4.01   -17.24   -39.73        -4.01   -17.24   -39.73     0.000
   15.11    14.60   -29.68        15.11    14.60   -29.68     0.000
   10.92    10.87   -12.33        10.92    10.87   -12.33     0.000
   -2.76    16.14    48.98        -2.76    16.14    48.98     0.000
   12.42    -7.13    22.04        12.42    -7.13    22.04     0.000
   -2.38    -5.22    54.13        -2.38    -5.22    54.13     0.000
   -3.15     1.05    63.31        -3.15     1.05    63.31     0.000
  -43.66    -9.28   -27.68       -43.66    -9.28   -27.68     0.000
    4.31     5.78    63.37         4.31     5.78    63.37     0.000
    6.04    15.14    -6.91         6.04    15.14    -6.91     0.000
   18.49    26.56     2.63        18.49    26.56     2.63     0.000
    3.37   -12.16     6.05         3.37   -12.16     6.05     0.000
    6.29    -8.06    22.38         6.29    -8.06    22.38     0.000
  -10.83   -26.40   -38.75       -10.83   -26.40   -38.75     0.000
   36.70     3.86   -15.51        36.70     3.86   -15.51     0.000
   17.55    10.11   -27.63        17.55    10.11   -27.63     0.000
  -13.63    22.89    23.66       -13.63    22.89    23.66     0.000
   39.11     2.03     6.34        39.11     2.03     6.34     0.000
  -42.88    -4.79   -20.18       -42.88    -4.79   -20.18     0.000
  -32.76   -27.32   -17.06       -32.76   -27.32   -17.06     0.000
