75 PA4-A-Demo-Slow-Output.txt 0
   -0.60   -18.55   -33.23        -0.60   -18.55   -33.23     0.000
    1.48   -11.75     8.12         1.48   -11.75     8.12     0.000
    8.22    20.75    48.87         8.22    20.75    48.87     0.000
   -3.54    -5.48    35.82        -3.54    -5.48    35.82     0.000
   33.89    -5.20     7.57        33.89    -5.20     7.57     0.000
    1.97   -18.33   -11.47         1.97   -18.33   -11.47     0.000
  -16.30   -31.62   -31.92       -16.30   -31.62   -31.92     0.000
  -12.61   -18.14   -45.81       -12.61   -18.14   -45.81     0.000
    3.76    -7.34    56.25         3.76    -7.34    56.25     0.000
   31.75    18.67     7.62        31.75    18.67     7.62     0.000
    4.61   -16.75   -18.65         4.61   -16.75   -18.65     0.000
  -35.31   -15.17    -8.84       -35.31   -15.17    -8.84     0.000
  -31.62   -25.49   -13.72       -31.62   -25.49   -13.72     0.000
  -22.34     5.18   -13.95       -22.34     5.18   -13.95     0.000
  -14.99     3.37    -2.79       -14.99     3.37    -2.79     0.000
   27.35     4.21    26.51        27.35     4.21    26.51     0.000
   22.81     3.22    45.07        22.81     3.22    45.07     0.000
    3.14    -7.21    33.79         3.14    -7.21    33.79     0.000
    6.32    22.79    28.94         6.32    22.79    28.94     0.000
  -38.18     1.10   -17.62       -38.18     1.10   -17.62     0.000
   16.32    -5.39    37.36        16.32    -5.39    37.36     0.000
  -40.96    -0.02   -23.25       -40.96    -0.02   -23.25     0.000
  -21.35   -22.44    -7.96       -21.35   -22.44    -7.96     0.000
  -17.85   -31.90   -22.00       -17.85   -31.90   -22.00     0.000
   31.18    19.94   -10.05        31.18    19.94   -10.05     0.000
  -40.25     1.12   -22.78       -40.25     1.12   -22.78     0.000
    4.04    20.00    45.28         4.04    20.00    45.28     0.000
  -32.79   -29.03   -23.33       -32.79   -29.03   -23.33     0.000
    9.06    -7.01    53.87         9.06    -7.01    53.87     0.000
   40.54     5.08    -4.32        40.54     5.08    -4.32     0.000
   -3.27   -15.91    -4.62        -3.27   -15.91    -4.62     0.000
  -29.56   -16.27    -7.44       -29.56   -16.27    -7.44     0.000
  -23.17     9.53   -18.14       -23.17     9.53   -18.14     0.000
  -20.56   -25.04    -9.46       -20.56   -25.04    -9.46     0.000
  -28.91   -23.11    -9.25       -28.91   -23.11    -9.25     0.000
   19.94   -10.14   -21.70        19.94   -10.14   -21.70     0.000
   -8.37    17.49    14.02        -8.37    17.49    14.02     0.000
   37.96    -0.63    -3.52        37.96    -0.63    -3.52     0.000
   -2.52     0.12   -27.81        -2.52     0.12   -27.81     0.000
  -26.07   -32.37   -23.16       -26.07   -32.37   -23.16     0.000
   29.11    -8.77   -22.14        29.11    -8.77   -22.14     0.000
  -34.04     7.83   -25.78       -34.04     7.83   -25.78     0.000
   -9.73   -21.64   -10.05        -9.73   -21.64   -10.05     0.000
   -7.52    17.94    13.60        -7.52    17.94    13.60     0.000
  -40.17   -10.28   -36.29       -40.17   -10.28   -36.29     0.000
    7.90    17.86    -7.84         7.90    17.86    -7.84     0.000
  -38.55    -1.34   -15.46       -38.55    -1.34   -15.46     0.000
   17.10    21.11   -29.16        17.10    21.11   -29.16     0.000
  -29.68   -24.01   -10.50       -29.68   -24.01   -10.50     0.000
  -14.75    17.75    19.36       -14.75    17.75    19.36     0.000
   25.22     5.30    34.72        25.22     5.30    34.72     0.000
    0.19    13.28    -2.15         0.19    13.28    -2.15     0.000
   28.79     6.65    22.44        28.79     6.65    22.44     0.000
   -6.73   -18.94    -8.80        -6.73   -18.94    -8.80     0.000
    6.00    -5.49    63.42         6.00    -5.49    63.42     0.000
   16.23    19.63    49.08        16.23    19.63    49.08     0.000
   -8.06     3.00    28.92        -8.06     3.00    28.92     0.000
   25.80    -8.02     6.81        25.80    -8.02     6.81     0.000
   21.31     6.17    59.88        21.31     6.17    59.88     0.000
  -24.35    -3.94   -47.35       -24.35    -3.94   -47.35     0.000
   19.14    22.96   -26.38        19.14    22.96   -26.38     0.000
    3.61    11.77    63.27         3.61    11.77    63.27     0.000
  -17.63   -12.42   -48.78       -17.63   -12.42   -48.78     0.000
   21.18    15.52    42.65        21.18    15.52    42.65     0.000
    0.81    22.22    11.68         0.81    22.22    11.68     0.000
  -40.89     0.11   -23.25       -40.89     0.11   -23.25     0.000
   -8.70    13.41    12.04        -8.70    13.41    12.04     0.000
   21.86    -9.57     3.93        21.86    -9.57     3.93     0.000
    2.52   -12.09     5.89         2.52   -12.09     5.89     0.000
   31.65    -7.76   -20.66        31.65    -7.76   -20.66     0.000
   14.89    23.92   -21.61        14.89    23.92   -21.61     0.000
   39.30     3.91     6.75        39.30     3.91     6.75     0.000
   -8.16    13.87    11.52        -8.16    13.87    11.52     0.000
   -3.16    -4.96    44.41        -3.16    -4.96    44.41     0.000
    1.85    -0.10    63.40         1.85    -0.10    63.40     0.000
