400 PA5-F-Debug-Answer.txt 6
 -107.0500   16.2710  -60.1890 -142.6866  -72.4899  -50.5375
   27.17    -2.23   -27.54        27.16    -2.22   -27.51     0.025
   18.35     1.35    40.31        18.29     1.38    40.31     0.071
  -28.02   -34.99   -21.66       -28.05   -35.07   -21.64     0.087
  -38.30   -12.82   -44.26       -38.39   -12.81   -44.30     0.107
   -3.13   -12.10   -34.77        -3.04   -12.08   -34.78     0.094
   12.56    28.73    21.63        12.56    28.74    21.63     0.009
  -24.80    -8.51    -4.34       -24.78    -8.52    -4.42     0.081
   14.08   -17.35    -3.00        14.03   -17.27    -3.10     0.139
   16.66    -9.47     8.79        16.72    -9.55     8.82     0.100
    3.13   -11.48    17.63         3.12   -11.52    17.65     0.050
  -41.24   -20.55   -33.07       -41.21   -20.54   -33.06     0.025
   19.72    16.91    37.51        19.76    16.92    37.52     0.046
    9.56    22.81    36.64         9.63    22.91    36.72     0.153
  -28.98     0.46    -9.58       -28.98     0.48    -9.56     0.030
   13.78    -3.88    55.13        13.85    -3.93    55.13     0.092
   -0.02   -10.02    15.94        -0.03   -10.03    15.94     0.009
    2.93    27.75    28.64         2.83    27.59    28.63     0.193
   28.83    -6.18   -24.57        28.82    -6.15   -24.56     0.030
   -9.48    21.31    39.29        -9.47    21.32    39.29     0.012
   18.48     1.12    36.01        18.59     1.07    36.02     0.122
   36.75     3.17   -11.24        36.70     3.18   -11.24     0.045
   26.63   -13.07    -5.03        26.63   -13.07    -5.03     0.004
   20.90    16.30    33.78        20.99    16.31    33.81     0.092
    6.07     1.48   -20.33         6.08     1.49   -20.36     0.034
  -19.28   -14.65   -52.23       -19.27   -14.67   -52.30     0.073
  -32.96   -16.38    -5.49       -32.94   -16.37    -5.51     0.034
   -6.71     7.93    13.15        -6.72     7.93    13.15     0.008
  -27.70   -32.96   -15.54       -27.64   -32.89   -15.57     0.101
  -32.03     8.69   -35.75       -31.99     8.55   -35.71     0.148
  -35.31   -18.18   -45.67       -35.27   -18.17   -45.64     0.045
    8.04   -18.81    -3.38         8.01   -18.90    -3.37     0.096
  -30.90   -25.76    -7.87       -30.91   -25.77    -7.84     0.039
   11.93    -7.43    27.62        11.87    -7.28    27.60     0.164
    7.36     1.21    58.34         7.35     1.22    58.33     0.012
    8.77   -18.85    -4.04         8.74   -19.01    -4.05     0.163
   32.93     0.24   -21.23        32.88     0.26   -21.22     0.059
    5.08    12.11    57.96         5.08    12.11    57.95     0.003
  -31.68   -28.52   -11.54       -31.69   -28.52   -11.53     0.010
    0.74    -9.74   -26.16         0.70    -9.74   -26.13     0.053
   -5.58    24.95    16.99        -5.59    24.97    16.98     0.029
    0.80   -12.29    10.72         0.78   -12.37    10.76     0.093
   34.11    14.28   -11.32        34.17    14.29   -11.30     0.060
  -16.23   -25.13    -6.37       -16.24   -25.13    -6.40     0.024
    4.12   -16.17     0.54         4.10   -16.20     0.56     0.039
   -4.07   -23.37    -7.14        -4.06   -23.37    -7.16     0.026
   21.87    22.65    23.34        21.86    22.65    23.33     0.014
    9.11    -8.24    32.78         9.01    -8.06    32.76     0.208
   -4.88   -12.49     4.35        -4.87   -12.47     4.34     0.022
    8.57   -18.10     1.58         8.55   -18.13     1.60     0.045
   31.37    -0.70     8.12        31.37    -0.71     8.12     0.003
   15.77    -7.02    16.03        15.81    -7.10    16.04     0.080
   26.87    18.43    17.38        26.67    18.28    17.26     0.277
   12.12    29.57     5.17        12.18    29.49     5.16     0.099
    1.38   -11.64    13.41         1.32   -11.74    13.41     0.115
  -25.04     5.84   -44.30       -25.05     5.90   -44.37     0.092
  -41.81   -19.19   -15.70       -41.82   -19.19   -15.69     0.011
   19.33    15.14    39.97        19.33    15.14    39.97     0.009
   16.83   -18.44    -9.69        16.83   -18.43    -9.68     0.016
   25.78    24.48     8.94        25.80    24.49     8.94     0.015
  -13.22   -24.41   -46.79       -13.23   -24.44   -46.85     0.064
  -22.59   -17.83    -4.50       -22.59   -17.84    -4.49     0.013
   -4.09     4.84    45.39        -4.02     4.84    45.40     0.071
  -16.50   -20.72    -5.21       -16.47   -20.75    -5.15     0.072
   14.96    15.67    55.14        14.84    15.58    55.10     0.155
  -15.92     1.58    -1.04       -15.72     1.49    -1.14     0.247
    5.41   -19.43    -5.22         5.38   -19.37    -5.24     0.072
   14.96    30.80     2.45        14.97    30.77     2.46     0.027
    1.10   -10.09    50.41         1.13   -10.02    50.41     0.071
   16.27   -17.74   -11.20        16.27   -17.75   -11.20     0.014
  -25.07   -31.17   -39.60       -25.06   -31.12   -39.58     0.058
    5.27    17.85    52.71         5.30    17.70    52.67     0.161
  -15.12    13.39   -38.06       -15.12    13.41   -38.08     0.024
   16.93    25.38    28.23        16.91    25.50    28.33     0.149
  -29.86     1.76   -10.94       -29.85     1.69   -11.01     0.108
  -29.98   -13.53    -4.31       -29.98   -13.53    -4.36     0.046
   -8.56   -21.12   -43.74        -8.54   -21.12   -43.76     0.025
  -16.45   -34.89   -23.59       -16.44   -34.95   -23.59     0.063
  -17.78    -2.16    -1.45       -17.79    -2.15    -1.45     0.011
   12.97   -17.80   -10.28        12.97   -17.83   -10.30     0.044
    5.95    -9.49    49.78         5.96    -9.53    49.77     0.039
  -15.21   -22.43    -6.53       -15.23   -22.42    -6.58     0.056
   -7.21    -6.38    11.48        -7.19    -6.37    11.47     0.021
   21.72     4.98    28.38        21.62     5.01    28.36     0.108
   -4.48     4.42    50.97        -4.68     4.47    50.97     0.205
    6.98    21.36    45.51         6.92    21.19    45.43     0.199
   -7.27     5.68    12.93        -7.18     5.66    12.92     0.098
   14.94     4.24   -23.78        14.87     4.28   -23.86     0.117
   25.86    13.22    21.14        26.06    13.15    21.26     0.244
   23.30    20.07    23.08        23.31    20.08    23.08     0.015
   -7.17    -4.53    13.59        -7.17    -4.53    13.59     0.000
   -6.08   -24.21    -7.63        -6.10   -24.22    -7.56     0.073
  -23.95   -18.29   -50.85       -23.94   -18.28   -50.81     0.049
   14.83   -11.84     5.89        14.86   -11.89     5.92     0.060
   -1.50    -6.86    34.43        -1.30    -6.76    34.45     0.232
   18.84    10.62    46.31        18.87    10.63    46.31     0.032
    4.79    22.03     8.32         4.74    22.07     8.27     0.080
    5.84   -11.23    19.32         5.86   -11.28    19.33     0.051
   25.06   -14.40   -14.16        25.09   -14.41   -14.17     0.038
    2.84    -9.84    22.76         2.84    -9.90    22.76     0.066
  -44.00    -6.36   -15.29       -43.92    -6.36   -15.31     0.079
  -33.29   -20.80   -45.51       -33.28   -20.79   -45.50     0.022
   -6.90    10.88   -15.49        -6.90    10.78   -15.49     0.102
   33.95    10.52   -22.88        33.87    10.52   -22.84     0.086
  -13.82   -25.03   -46.54       -13.82   -25.04   -46.57     0.031
    1.04    28.65    18.74         0.98    28.50    18.76     0.161
   12.38    -6.45    40.61        12.40    -6.48    40.60     0.040
   23.01    17.89   -26.28        23.03    17.90   -26.32     0.046
   36.79     2.84    -8.47        36.74     2.84    -8.47     0.050
  -43.23    -4.31   -27.59       -43.21    -4.30   -27.59     0.025
   24.04     1.76    17.36        24.00     1.80    17.34     0.057
   -4.00     7.59    52.81        -4.08     7.62    52.81     0.076
  -29.24   -18.71   -49.42       -29.22   -18.70   -49.40     0.031
  -38.31    -3.49   -41.76       -38.28    -3.49   -41.75     0.036
  -15.22   -34.23   -19.82       -15.22   -34.27   -19.81     0.040
   -7.07    -2.56    16.20        -6.93    -2.52    16.16     0.145
  -16.05    16.42   -28.30       -16.06    16.25   -28.28     0.172
   -0.20    -7.89    34.70        -0.22    -7.93    34.69     0.050
  -33.98     1.71   -11.61       -33.97     1.66   -11.66     0.074
  -11.96   -22.80    -7.86       -11.96   -22.80    -7.86     0.005
   18.73    12.31   -29.12        18.73    12.34   -29.08     0.050
   16.96    18.74    45.71        16.95    18.74    45.71     0.007
   -4.00    10.67    37.19        -3.96    10.67    37.20     0.047
   14.59    12.22   -13.49        14.40    12.27   -13.49     0.204
  -40.37   -15.94   -10.04       -40.41   -15.95   -10.02     0.042
   33.13     5.92   -25.03        33.12     5.92   -25.02     0.014
   -1.62    -9.44    55.98        -1.39    -9.16    56.01     0.362
    1.93   -25.57   -16.11         1.93   -25.57   -16.11     0.004
   14.16    -2.07   -24.27        14.17    -2.07   -24.25     0.021
  -31.00   -34.50   -23.26       -30.93   -34.38   -23.29     0.145
  -12.84     2.07     2.24       -12.84     2.07     2.23     0.002
    3.67    -9.13    38.66         3.68    -8.98    38.65     0.153
  -41.26     1.39   -30.98       -41.19     1.35   -30.97     0.081
   -5.61    19.58    17.52        -5.52    19.60    17.58     0.110
   25.40    -8.68     1.50        25.42    -8.70     1.52     0.030
    2.18     0.24   -23.78         2.12     0.25   -23.71     0.101
    5.58    16.11     0.07         5.59    16.08     0.09     0.029
   17.42    12.48    50.30        17.52    12.52    50.33     0.109
   14.12     3.20   -23.65        14.11     3.20   -23.66     0.013
   15.93     2.07   -25.33        15.91     2.07   -25.35     0.030
    0.48    -8.83   -26.33         0.50    -8.83   -26.34     0.029
  -12.77   -28.54   -10.59       -12.74   -28.58   -10.56     0.062
  -29.41    12.47   -33.47       -29.43    12.51   -33.49     0.054
  -24.54    -7.51    -4.55       -24.54    -7.50    -4.51     0.041
  -33.52   -21.06    -7.26       -33.47   -21.03    -7.34     0.106
    8.37    24.31     4.10         8.40    24.30     4.11     0.030
  -26.81     8.43   -16.75       -26.81     8.45   -16.74     0.022
   -8.91   -32.63   -27.17        -9.00   -32.47   -27.15     0.183
   30.71    19.85    -7.11        30.71    19.85    -7.11     0.001
   35.89    10.74    -6.75        35.86    10.71    -6.75     0.043
   -6.10    23.67    17.46        -6.18    23.65    17.38     0.116
   35.27    -0.76    -0.53        35.23    -0.70    -0.55     0.074
    4.45   -20.13    -6.02         4.45   -20.13    -6.01     0.011
   24.83   -11.91    -2.32        24.83   -11.88    -2.35     0.039
   -2.82   -12.74   -34.13        -2.77   -12.72   -34.13     0.055
   -0.85    14.92    52.43        -0.88    14.97    52.45     0.057
   14.75    29.73   -12.55        14.72    29.81   -12.55     0.091
  -26.29     9.21   -40.48       -26.29     9.21   -40.48     0.006
    1.45    11.30   -10.74         1.45    11.37   -10.76     0.077
   -8.61   -27.36    -9.77        -8.60   -27.38    -9.75     0.034
   11.05    -7.20    45.84        11.08    -7.27    45.84     0.078
   36.75     3.07   -10.43        36.71     3.07   -10.43     0.039
  -12.75   -23.43   -47.69       -12.74   -23.46   -47.69     0.034
   23.94    27.25     0.86        23.98    27.32     0.85     0.079
    9.57    21.58     0.19         9.58    21.58     0.19     0.011
   12.81    -6.19    42.41        12.78    -6.16    42.40     0.040
   -1.85    -4.61    28.19        -1.83    -4.60    28.18     0.025
   34.12    -1.36     1.15        34.03    -1.28     1.13     0.121
  -16.13    -3.97   -51.95       -16.17    -4.03   -51.88     0.098
    0.24    -9.01    21.07         0.27    -8.96    21.06     0.059
    0.05    14.70     6.19         0.06    14.69     6.20     0.015
  -20.97     4.85   -45.77       -20.97     4.85   -45.76     0.014
   18.05    11.62    49.79        18.00    11.60    49.77     0.054
    8.15    26.04    29.20         8.15    26.02    29.19     0.030
    1.95    -2.55   -24.37         1.95    -2.56   -24.37     0.001
   29.29     0.26    10.10        29.31     0.26    10.13     0.028
  -29.67    12.58   -25.56       -29.64    12.49   -25.58     0.095
   -9.85   -32.68   -32.32        -9.86   -32.64   -32.32     0.046
    1.45    27.87    16.77         1.51    28.03    16.75     0.175
    8.59    24.73    32.46         8.58    24.79    32.48     0.057
   23.97    14.71    25.27        23.98    14.72    25.27     0.006
   10.19    -9.24    22.38        10.23    -9.27    22.39     0.052
  -20.45   -35.90   -31.87       -20.45   -36.08   -31.88     0.182
    3.85     6.37    58.85         3.87     6.40    58.80     0.063
  -37.15   -15.37   -44.96       -37.24   -15.42   -45.02     0.119
    9.42     3.51    57.70         9.43     3.51    57.72     0.019
    8.36    -3.34   -22.04         8.36    -3.34   -22.11     0.067
   -4.32    -0.92    44.96        -4.25    -0.92    44.97     0.065
   12.94    -9.13    14.59        13.02    -9.22    14.61     0.125
   10.69    21.20    46.92        10.65    21.28    46.93     0.097
    6.08    -9.01    35.45         6.08    -9.03    35.45     0.013
  -42.33   -12.08   -28.80       -42.33   -12.08   -28.80     0.001
   30.95    12.32   -26.06        30.92    12.30   -26.04     0.037
    7.71    11.42   -11.45         7.73    11.31   -11.40     0.124
   21.43    28.47   -19.38        21.37    28.39   -19.33     0.111
  -23.77   -33.51   -13.89       -23.79   -33.47   -13.92     0.049
  -43.96    -6.76   -21.27       -44.08    -6.76   -21.27     0.113
   -2.27    -3.98    32.73        -2.25    -3.97    32.73     0.028
    7.81    24.62     5.97         7.78    24.63     5.96     0.038
  -40.23    -0.21   -13.34       -40.29    -0.18   -13.30     0.077
   21.61    20.68    28.07        21.59    20.67    28.06     0.028
  -11.38   -25.31   -45.45       -11.37   -25.31   -45.46     0.008
   34.23    -0.40     2.74        34.30    -0.45     2.75     0.092
   25.32    17.69   -26.22        25.32    17.69   -26.22     0.000
   22.75    11.87   -28.74        22.76    11.87   -28.73     0.015
   26.29    25.67    -5.15        26.22    25.58    -5.16     0.114
  -43.91   -16.92   -21.64       -43.88   -16.91   -21.64     0.033
  -25.21   -28.68    -8.64       -25.24   -28.59    -8.70     0.110
   17.65    -0.10    36.91        17.73    -0.14    36.92     0.090
   -9.99    27.26    22.44        -9.87    27.14    22.49     0.174
   -9.78   -20.37    -7.78        -9.78   -20.37    -7.79     0.007
    1.95   -22.43   -31.43         1.96   -22.44   -31.45     0.019
   30.34    18.53   -21.33        30.37    18.61   -21.45     0.152
    3.61   -10.17    22.98         3.63   -10.13    22.96     0.054
   28.49     5.04   -28.76        28.44     5.05   -28.71     0.072
   18.92     6.00    54.32        18.77     5.99    54.31     0.152
  -18.23   -24.59    -6.25       -18.23   -24.59    -6.21     0.045
   23.37     6.64   -29.57        23.38     6.65   -29.54     0.033
   -5.04     1.32    51.35        -4.97     1.32    51.36     0.070
   -4.54   -17.25   -38.29        -4.53   -17.24   -38.30     0.018
    1.62    -8.48   -25.18         1.61    -8.48   -25.18     0.007
   -3.80    13.41    11.61        -3.76    13.38    11.62     0.047
   -0.78     9.23   -16.52        -0.78     9.18   -16.49     0.053
  -41.03     4.35   -22.93       -41.01     4.33   -22.94     0.023
   12.06    29.93    15.27        12.01    30.04    15.29     0.126
  -22.60   -10.82    -3.64       -22.62   -10.82    -3.60     0.050
  -35.24     4.64   -11.57       -35.23     4.63   -11.58     0.010
   -1.38    -7.40    20.97        -1.33    -7.36    20.96     0.066
   25.10   -11.98   -14.68        25.09   -11.98   -14.67     0.019
   24.50    22.21    16.82        24.46    22.18    16.81     0.055
   36.43     8.75   -12.41        36.54     8.71   -12.44     0.127
   16.33    16.25    50.26        16.27    16.25    50.23     0.066
   -5.62    -1.81   -34.39        -5.67    -1.84   -34.38     0.053
  -41.32   -11.65   -10.50       -41.41   -11.66   -10.46     0.101
   -3.41    10.59    50.12        -3.51    10.61    50.15     0.099
  -15.45   -26.47   -46.17       -15.45   -26.43   -46.05     0.121
   20.23    10.67    38.68        20.29    10.68    38.69     0.058
   37.04     8.79   -10.22        36.98     8.80   -10.21     0.067
   17.62    -6.32    15.32        17.65    -6.41    15.35     0.090
  -21.33   -12.58    -3.21       -21.33   -12.58    -3.20     0.010
    0.96    -9.09    22.16         0.80    -9.26    22.16     0.229
   -1.52    -9.12    15.62        -1.48    -8.95    15.62     0.170
   36.68     1.80    -5.73        36.56     1.83    -5.73     0.122
   12.30    -6.39    48.43        12.40    -6.46    48.43     0.126
    9.57   -12.63    10.92         9.50   -12.52    10.89     0.134
   10.92    -8.44    22.13        10.97    -8.48    22.15     0.063
  -31.11   -31.34   -15.85       -31.08   -31.26   -15.91     0.108
   15.84     3.77    56.86        15.84     3.77    56.84     0.027
  -12.31    20.74    27.63       -12.39    20.68    27.60     0.106
  -37.97   -26.72   -33.24       -37.97   -26.72   -33.24     0.005
    3.54    15.78     1.43         3.54    15.78     1.43     0.000
   17.52     2.92    56.39        17.53     2.91    56.41     0.020
   15.19    -3.59    41.23        15.20    -3.59    41.23     0.006
   15.01    23.23    31.48        15.07    23.39    31.55     0.191
   14.45     9.54   -17.26        14.33     9.59   -17.29     0.134
   -5.52     1.05   -31.91        -5.47     1.10   -31.95     0.090
  -31.30     6.52   -40.48       -31.32     6.56   -40.51     0.043
    2.69   -14.86     4.12         2.67   -15.01     4.16     0.159
   24.43    10.70    23.94        24.41    10.70    23.94     0.018
   31.31    -3.72   -12.55        31.36    -3.78   -12.56     0.076
   12.20     5.98   -19.07        12.22     5.96   -19.06     0.025
    3.53    19.39    50.77         3.50    19.43    50.82     0.062
   -1.61    29.77    21.99        -1.56    29.91    21.96     0.147
   13.47    29.92     1.66        13.48    29.89     1.67     0.033
    0.24    19.68    12.30         0.24    19.67    12.31     0.011
   31.65    -3.77   -15.22        31.64    -3.76   -15.23     0.024
   13.10    -7.43    21.54        13.08    -7.38    21.53     0.051
   35.09     3.89   -17.19        35.13     3.89   -17.20     0.043
   19.48    30.89   -15.87        19.48    30.88   -15.87     0.012
   30.55    20.92   -17.42        30.57    20.94   -17.42     0.034
   16.10    28.09    22.29        16.11    28.12    22.30     0.041
  -28.21   -16.38    -3.97       -28.20   -16.36    -4.01     0.049
    7.06    22.15    42.38         7.08    22.07    42.37     0.085
    3.71    20.00    50.52         3.76    19.81    50.46     0.202
  -18.43   -35.53   -24.56       -18.43   -35.53   -24.56     0.007
   19.00    25.41   -25.92        19.00    25.40   -25.92     0.011
   18.08    14.27    45.40        18.06    14.26    45.39     0.021
   31.94    -0.34     7.87        31.88    -0.30     7.81     0.091
   13.48    27.60   -27.74        13.50    27.64   -27.77     0.056
   -0.12    -8.39    46.65        -0.13    -8.42    46.64     0.027
  -41.45   -17.88   -13.76       -41.48   -17.90   -13.75     0.039
   12.64    -1.02   -23.78        12.63    -1.02   -23.81     0.033
   -0.93   -22.27   -34.22        -0.94   -22.26   -34.21     0.017
   18.61     9.09    51.66        18.59     9.08    51.66     0.023
   13.93    -4.38    50.54        13.88    -4.35    50.53     0.058
   22.50     8.03    27.90        22.57     8.02    27.92     0.076
   -3.83    13.05    44.40        -3.80    13.05    44.39     0.034
   -6.10   -26.46    -9.08        -6.09   -26.49    -9.06     0.040
   -7.29     5.39    12.44        -7.28     5.39    12.44     0.011
  -29.22   -27.23    -7.71       -29.23   -27.23    -7.70     0.008
  -16.73     8.55   -13.12       -16.70     8.47   -13.15     0.094
   20.93    29.69   -14.86        20.98    29.75   -14.86     0.076
    8.59    23.01     2.81         8.58    23.02     2.80     0.012
   13.69    13.35    -9.06        13.65    13.41    -9.08     0.069
   17.52     3.00    56.73        17.40     3.06    56.62     0.178
    6.48   -15.50   -17.64         6.48   -15.47   -17.62     0.036
  -16.93   -11.23    -2.68       -16.92   -11.26    -2.62     0.063
   30.75    -4.14     1.80        30.84    -4.26     1.83     0.154
  -22.95    -8.28    -4.03       -22.98    -8.28    -3.99     0.056
   35.41     0.92   -13.55        35.29     0.99   -13.53     0.137
   13.77    16.73    55.45        13.76    16.72    55.44     0.021
  -39.79   -25.81   -20.12       -39.81   -25.82   -20.12     0.023
  -21.72   -19.85    -4.84       -21.72   -19.85    -4.84     0.000
   17.03    24.01    29.72        17.02    24.00    29.70     0.026
   16.32     9.36   -22.85        16.15     9.39   -22.95     0.199
   -3.43     3.52    33.74        -3.45     3.52    33.74     0.013
   30.85     3.30    10.03        30.82     3.34     9.96     0.082
    0.61    29.03    27.98         0.60    29.02    27.98     0.013
    5.23   -14.38     8.68         5.23   -14.34     8.67     0.045
   25.59     5.46   -30.23        25.60     5.46   -30.27     0.043
   -8.99     1.51     9.59        -9.00     1.51     9.60     0.013
    4.97    18.68    50.67         4.96    18.70    50.66     0.028
   19.84     0.70    26.47        20.09     0.58    26.55     0.296
  -28.78   -25.70    -6.87       -28.78   -25.68    -6.89     0.028
  -23.44     0.42    -7.06       -23.47     0.46    -7.03     0.065
   11.62   -11.51    10.05        11.71   -11.66    10.11     0.187
   -7.12     5.85   -30.60        -7.09     5.86   -30.60     0.027
    4.61    23.20    10.11         4.58    23.25    10.08     0.066
   31.64     4.08     9.57        31.65     4.08     9.59     0.023
  -39.52   -12.97   -42.38       -39.48   -12.96   -42.37     0.038
   -4.25   -24.35    -7.14        -4.25   -24.34    -7.18     0.046
  -17.10    -0.38   -50.01       -17.10    -0.38   -50.01     0.002
    4.31    16.77     2.12         4.38    16.67     2.16     0.122
  -11.03    15.37   -29.00       -11.09    15.22   -28.98     0.159
  -14.65   -24.78    -6.80       -14.65   -24.79    -6.82     0.024
   17.39     8.85   -26.50        17.50     8.90   -26.40     0.151
  -25.02   -34.74   -17.18       -25.02   -34.71   -17.18     0.028
  -28.94   -35.30   -27.12       -28.95   -35.33   -27.12     0.031
   -6.82   -25.49    -7.86        -6.82   -25.48    -7.87     0.012
   -4.84    -0.51    50.11        -4.78    -0.51    50.12     0.055
   -3.01    13.82    10.24        -2.92    13.74    10.28     0.125
   -3.54     3.90    36.15        -3.52     3.90    36.15     0.020
   36.01    11.43   -11.12        35.95    11.40   -11.11     0.064
  -31.33   -34.48   -30.19       -31.29   -34.42   -30.17     0.076
    1.25    -8.37    33.94         1.21    -8.41    33.94     0.052
  -19.08   -13.55   -52.21       -19.08   -13.56   -52.14     0.071
   15.86    28.06    22.31        15.88    28.16    22.34     0.104
    9.66    25.68    31.02         9.66    25.68    31.02     0.007
   -7.56   -14.78   -41.40        -7.59   -14.79   -41.38     0.037
  -16.99    15.34   -34.59       -16.99    15.30   -34.57     0.055
    4.32    -8.28   -23.12         4.35    -8.28   -23.15     0.043
   29.67    22.48   -14.26        29.76    22.54   -14.26     0.110
   19.86    -5.80    13.27        19.87    -5.81    13.27     0.009
   18.19    -0.47   -26.93        18.21    -0.47   -26.89     0.036
    9.70    27.76    24.54         9.73    27.64    24.51     0.122
    7.35    -7.62    58.05         7.37    -7.63    58.12     0.071
   -3.20    -5.49    57.85        -3.25    -5.51    57.92     0.082
   14.15    17.21   -10.97        14.22    17.20   -10.96     0.066
   15.13    -3.13    45.29        15.06    -3.07    45.29     0.094
   26.83    -6.52   -24.74        26.85    -6.44   -24.69     0.097
  -17.84   -33.40   -36.65       -17.84   -33.38   -36.64     0.015
  -28.17    13.77   -31.81       -28.19    13.80   -31.80     0.032
  -22.32   -24.67    -6.19       -22.32   -24.68    -6.17     0.024
  -29.98    12.16   -34.17       -29.91    12.02   -34.13     0.155
  -36.48   -30.60   -29.80       -36.48   -30.61   -29.80     0.008
   19.13    18.90    38.54        19.12    18.90    38.54     0.005
   11.03    10.10    57.40        11.03    10.09    57.38     0.017
   24.44     7.23    22.02        24.45     7.23    22.03     0.013
  -10.89    23.26    37.75       -10.89    23.26    37.75     0.000
   -3.59     7.82    43.45        -3.62     7.82    43.45     0.031
   -7.98   -27.29   -37.15        -7.90   -27.35   -37.19     0.105
    8.49    19.11    52.15         8.40    19.23    52.21     0.163
   29.68     8.95    13.78        29.72     8.94    13.80     0.040
   13.62     0.50   -24.15        13.62     0.50   -24.12     0.031
   20.48    -5.47    13.26        20.43    -5.41    13.23     0.080
  -39.64   -17.35   -36.57       -39.58   -17.38   -36.55     0.069
    5.12    16.03    57.07         5.13    15.99    57.01     0.078
    1.39   -14.55   -23.96         1.34   -14.54   -23.93     0.064
   16.86    11.99    55.18        16.90    12.04    55.19     0.070
   12.42    26.15   -29.59        12.39    26.17   -29.62     0.048
  -26.67     2.52   -46.44       -26.66     2.51   -46.43     0.013
   10.19    22.37    38.30        10.22    22.26    38.30     0.109
  -44.10    -6.35   -17.11       -44.14    -6.35   -17.11     0.046
   35.95     7.25   -13.92        35.86     7.27   -13.90     0.093
   19.02    -0.55    29.53        18.96    -0.52    29.52     0.076
    7.27    21.91    42.79         7.29    22.00    42.82     0.089
    6.25   -10.08    56.02         6.30   -10.20    56.01     0.127
   11.74    22.59    40.88        11.80    22.36    40.84     0.244
  -28.48   -29.89   -40.58       -28.47   -29.85   -40.56     0.040
   12.09    21.06    -2.71        12.19    21.08    -2.67     0.105
   -1.39   -24.37   -32.83        -1.35   -24.42   -32.88     0.075
   36.40     1.80   -10.98        36.32     1.85   -10.97     0.098
   12.69    -6.54    29.54        12.75    -6.69    29.56     0.155
   16.08    10.91   -21.98        16.14    10.91   -21.96     0.060
   -8.56    23.07    40.15        -8.60    23.08    40.19     0.052
   16.27    -1.31    44.65        16.32    -1.34    44.65     0.056
    3.10   -23.85   -15.20         3.16   -23.88   -15.20     0.065
   33.20    14.64    -2.75        33.17    14.62    -2.75     0.036
  -32.79   -29.85   -15.17       -32.76   -29.82   -15.21     0.060
   27.73    21.89   -20.58        27.79    21.97   -20.63     0.116
    3.73   -14.88     4.70         3.75   -14.71     4.70     0.172
   -0.07   -12.91     8.35        -0.04   -12.85     8.33     0.074
    0.87    -9.24    20.75         0.80    -9.35    20.77     0.138
   15.56    14.69    53.60        15.44    14.66    53.57     0.122
   16.20   -14.62    -0.50        16.20   -14.59    -0.51     0.028
  -11.77    20.98    22.83       -11.77    20.97    22.82     0.009
  -23.76    11.79   -21.13       -23.74    11.82   -21.07     0.067
  -38.04   -17.56    -7.44       -38.04   -17.56    -7.40     0.038
   -8.88   -22.82    -8.22        -8.88   -22.81    -8.22     0.005
  -17.31   -34.62   -20.27       -17.30   -34.68   -20.26     0.057
   16.23    27.49    24.36        16.24    27.51    24.36     0.021
