150 PA5-D-Debug-Output.txt 6
 -138.4037 -148.0451  -68.8327  -50.2392   59.1310  -38.5321
   14.26    -5.83    46.82        14.26    -5.83    46.82     0.000
  -14.97    13.00   -18.25       -14.97    13.00   -18.25     0.000
   26.16   -10.27   -19.69        26.16   -10.27   -19.69     0.000
   -8.78     5.60    45.34        -8.78     5.60    45.34     0.000
    0.44     0.99   -24.93         0.44     0.99   -24.93     0.000
   -7.53    -4.07    20.72        -7.53    -4.07    20.72     0.000
   38.33    18.58    -9.35        38.33    18.58    -9.35     0.000
  -12.96    18.12    37.27       -12.96    18.12    37.27     0.000
  -38.48     8.29   -22.27       -38.48     8.29   -22.27     0.000
   -6.70    15.05    10.02        -6.70    15.05    10.02     0.000
   -9.19    17.05    41.31        -9.19    17.05    41.31     0.000
  -41.49    -9.06   -32.40       -41.49    -9.06   -32.40     0.000
   -9.01    17.04    14.20        -9.01    17.04    14.20     0.000
   34.22    21.58   -20.47        34.22    21.58   -20.47     0.000
  -22.24    10.80   -13.78       -22.24    10.80   -13.78     0.000
  -41.37    -5.64    -6.32       -41.37    -5.64    -6.32     0.000
    9.72   -11.91    21.05         9.72   -11.91    21.05     0.000
   19.47    -7.13    19.24        19.47    -7.13    19.24     0.000
   -7.06    -4.38    37.93        -7.06    -4.38    37.93     0.000
   22.25    -6.01    17.48        22.25    -6.01    17.48     0.000
  -15.68     1.48     5.02       -15.68     1.48     5.02     0.000
   14.47   -17.96     3.27        14.47   -17.96     3.27     0.000
    0.26   -24.76   -22.20         0.26   -24.76   -22.20     0.000
   -1.72    -6.79   -32.41        -1.72    -6.79   -32.41     0.000
   19.47    21.88    29.40        19.47    21.88    29.40     0.000
   32.00    -4.73   -22.54        32.00    -4.73   -22.54     0.000
   10.22    27.42    -2.59        10.22    27.42    -2.59     0.000
   14.07    24.34   -11.35        14.07    24.34   -11.35     0.000
  -34.27   -28.72   -30.49       -34.27   -28.72   -30.49     0.000
  -37.27     6.70   -12.09       -37.27     6.70   -12.09     0.000
   22.22   -18.29   -12.24        22.22   -18.29   -12.24     0.000
  -38.15   -18.13    -6.88       -38.15   -18.13    -6.88     0.000
  -34.01    10.27   -30.56       -34.01    10.27   -30.56     0.000
   -6.36    22.87    24.28        -6.36    22.87    24.28     0.000
    6.88   -15.83   -19.94         6.88   -15.83   -19.94     0.000
   -6.73    14.31    50.81        -6.73    14.31    50.81     0.000
   32.99    16.39   -27.18        32.99    16.39   -27.18     0.000
   33.02    -0.48   -24.73        33.02    -0.48   -24.73     0.000
    3.95    -1.31   -24.29         3.95    -1.31   -24.29     0.000
    8.62   -18.19   -13.12         8.62   -18.19   -13.12     0.000
  -28.27   -15.77    -3.12       -28.27   -15.77    -3.12     0.000
   20.34     0.74    37.72        20.34     0.74    37.72     0.000
   -0.58    18.05    50.12        -0.58    18.05    50.12     0.000
   34.28    16.79    12.62        34.28    16.79    12.62     0.000
   -1.55    19.77    41.92        -1.55    19.77    41.92     0.000
   -6.28   -19.33    -3.43        -6.28   -19.33    -3.43     0.000
   15.07    31.12     6.54        15.07    31.12     6.54     0.000
   26.34    -8.27   -22.78        26.34    -8.27   -22.78     0.000
   35.99    -4.33   -18.03        35.99    -4.33   -18.03     0.000
   27.89    20.77    17.71        27.89    20.77    17.71     0.000
   -7.03   -11.87   -40.71        -7.03   -11.87   -40.71     0.000
  -22.71   -28.48    -8.10       -22.71   -28.48    -8.10     0.000
  -22.74   -11.25    -1.94       -22.74   -11.25    -1.94     0.000
   -4.88    -4.56   -37.12        -4.88    -4.56   -37.12     0.000
   -3.05    10.45    53.82        -3.05    10.45    53.82     0.000
   -4.23   -25.02   -11.08        -4.23   -25.02   -11.08     0.000
  -16.92     7.95   -39.13       -16.92     7.95   -39.13     0.000
   18.51    20.60    36.89        18.51    20.60    36.89     0.000
    4.09    -4.14    53.69         4.09    -4.14    53.69     0.000
   14.93   -17.99     3.28        14.93   -17.99     3.28     0.000
   21.42     7.09    38.75        21.42     7.09    38.75     0.000
  -10.07     6.05    33.49       -10.07     6.05    33.49     0.000
  -14.06    14.41    38.30       -14.06    14.41    38.30     0.000
  -36.59   -27.80   -16.01       -36.59   -27.80   -16.01     0.000
  -13.81     9.48   -37.40       -13.81     9.48   -37.40     0.000
    2.99   -11.39    33.76         2.99   -11.39    33.76     0.000
   17.31    -3.93    38.77        17.31    -3.93    38.77     0.000
   -8.27     2.94    34.39        -8.27     2.94    34.39     0.000
   32.79    23.83    -0.62        32.79    23.83    -0.62     0.000
  -18.66   -11.03   -48.39       -18.66   -11.03   -48.39     0.000
   30.53    -9.82    -1.59        30.53    -9.82    -1.59     0.000
  -21.45   -25.10   -41.85       -21.45   -25.10   -41.85     0.000
    6.54   -15.69   -20.55         6.54   -15.69   -20.55     0.000
   21.90    14.69   -31.32        21.90    14.69   -31.32     0.000
  -11.89    -5.53    10.43       -11.89    -5.53    10.43     0.000
   27.05     9.54   -32.00        27.05     9.54   -32.00     0.000
  -31.37     8.69   -36.32       -31.37     8.69   -36.32     0.000
  -32.12    11.68   -17.17       -32.12    11.68   -17.17     0.000
   24.72   -17.47     0.39        24.72   -17.47     0.39     0.000
   41.32     9.05   -12.75        41.32     9.05   -12.75     0.000
  -11.99     4.77   -40.01       -11.99     4.77   -40.01     0.000
   11.61    30.50    -0.10        11.61    30.50    -0.10     0.000
   41.10     2.09   -12.17        41.10     2.09   -12.17     0.000
   -4.92    -9.39    18.31        -4.92    -9.39    18.31     0.000
   17.21   -20.27    -2.37        17.21   -20.27    -2.37     0.000
   13.11   -18.97    -0.08        13.11   -18.97    -0.08     0.000
   34.73    -4.87    -8.29        34.73    -4.87    -8.29     0.000
   -9.45   -24.72    -8.44        -9.45   -24.72    -8.44     0.000
  -33.61     8.17   -35.71       -33.61     8.17   -35.71     0.000
   20.06    18.53    35.11        20.06    18.53    35.11     0.000
  -34.15   -30.00   -16.85       -34.15   -30.00   -16.85     0.000
   17.77    24.54   -34.53        17.77    24.54   -34.53     0.000
   -7.85    11.09     2.13        -7.85    11.09     2.13     0.000
   20.92   -12.96   -15.38        20.92   -12.96   -15.38     0.000
  -20.23   -17.51    -2.77       -20.23   -17.51    -2.77     0.000
  -21.42    16.21   -23.74       -21.42    16.21   -23.74     0.000
    8.16    27.70    14.36         8.16    27.70    14.36     0.000
   32.78    -7.11    -7.32        32.78    -7.11    -7.32     0.000
  -26.85     2.42   -43.81       -26.85     2.42   -43.81     0.000
   13.95    22.76    39.93        13.95    22.76    39.93     0.000
  -17.68    15.81    27.23       -17.68    15.81    27.23     0.000
    4.67   -11.30    29.24         4.67   -11.30    29.24     0.000
  -23.53   -19.62   -46.31       -23.53   -19.62   -46.31     0.000
  -41.49   -11.32   -22.49       -41.49   -11.32   -22.49     0.000
   11.96    20.92    52.71        11.96    20.92    52.71     0.000
   12.74    -0.32    51.36        12.74    -0.32    51.36     0.000
   27.60   -14.03    -0.32        27.60   -14.03    -0.32     0.000
   -8.75     9.59    47.59        -8.75     9.59    47.59     0.000
   -5.08    22.60    33.08        -5.08    22.60    33.08     0.000
  -16.62    17.30    18.95       -16.62    17.30    18.95     0.000
   -7.97    18.48    14.17        -7.97    18.48    14.17     0.000
  -15.19    15.01   -22.69       -15.19    15.01   -22.69     0.000
  -14.36    18.64    18.48       -14.36    18.64    18.48     0.000
  -41.74   -14.19   -10.52       -41.74   -14.19   -10.52     0.000
  -21.94    13.31   -32.63       -21.94    13.31   -32.63     0.000
   23.42   -17.82     1.32        23.42   -17.82     1.32     0.000
   12.41     8.60    53.01        12.41     8.60    53.01     0.000
   20.92    -4.05    25.80        20.92    -4.05    25.80     0.000
  -29.02   -14.08   -47.06       -29.02   -14.08   -47.06     0.000
   21.03     8.73    40.92        21.03     8.73    40.92     0.000
   10.30    22.47    33.66        10.30    22.47    33.66     0.000
   15.26    26.03   -17.87        15.26    26.03   -17.87     0.000
  -35.38    10.66   -24.91       -35.38    10.66   -24.91     0.000
  -36.40     9.03   -15.92       -36.40     9.03   -15.92     0.000
    1.22   -23.09   -24.61         1.22   -23.09   -24.61     0.000
   -9.63     5.74    34.45        -9.63     5.74    34.45     0.000
   -8.23     2.42   -36.21        -8.23     2.42   -36.21     0.000
   -0.74   -20.52   -31.56        -0.74   -20.52   -31.56     0.000
    9.85   -10.97    24.60         9.85   -10.97    24.60     0.000
   -8.05    22.74    25.66        -8.05    22.74    25.66     0.000
  -24.34   -31.15   -33.81       -24.34   -31.15   -33.81     0.000
   38.80    14.54   -17.26        38.80    14.54   -17.26     0.000
   36.43    21.03   -10.27        36.43    21.03   -10.27     0.000
  -18.45    -4.21   -48.05       -18.45    -4.21   -48.05     0.000
  -29.10   -10.17   -47.42       -29.10   -10.17   -47.42     0.000
  -18.46   -27.87    -6.85       -18.46   -27.87    -6.85     0.000
   32.03    20.35    13.30        32.03    20.35    13.30     0.000
   31.07     8.88   -31.32        31.07     8.88   -31.32     0.000
  -27.35     3.57    -8.40       -27.35     3.57    -8.40     0.000
   34.88     1.22    13.63        34.88     1.22    13.63     0.000
  -11.01   -10.16   -45.79       -11.01   -10.16   -45.79     0.000
  -16.37    12.05   -35.55       -16.37    12.05   -35.55     0.000
   -5.99    19.75    13.94        -5.99    19.75    13.94     0.000
  -16.75    18.63    23.03       -16.75    18.63    23.03     0.000
  -12.34    16.63    16.11       -12.34    16.63    16.11     0.000
    0.09   -17.63   -31.62         0.09   -17.63   -31.62     0.000
    3.16    19.61    45.40         3.16    19.61    45.40     0.000
  -27.19     2.43    -8.05       -27.19     2.43    -8.05     0.000
   12.12    -7.81    44.78        12.12    -7.81    44.78     0.000
   12.50    24.08    26.96        12.50    24.08    26.96     0.000
