400 PA5-F-Debug-Output.txt 6
 -106.7505   16.1175  -60.3293 -142.3368  -72.4842  -50.5774
   27.17    -2.19   -27.54        27.17    -2.18   -27.53     0.009
   18.36     1.34    40.32        18.29     1.37    40.31     0.077
  -27.97   -35.02   -21.67       -28.00   -35.08   -21.65     0.075
  -38.29   -12.85   -44.25       -38.39   -12.84   -44.30     0.111
   -3.11   -12.09   -34.77        -3.03   -12.07   -34.78     0.089
   12.53    28.73    21.65        12.53    28.73    21.65     0.001
  -24.79    -8.54    -4.34       -24.77    -8.55    -4.41     0.074
   14.11   -17.34    -3.01        14.06   -17.26    -3.11     0.137
   16.68    -9.46     8.78        16.73    -9.54     8.82     0.102
    3.16   -11.49    17.63         3.14   -11.53    17.65     0.044
  -41.21   -20.59   -33.07       -41.19   -20.58   -33.06     0.022
   19.71    16.91    37.52        19.76    16.92    37.53     0.051
    9.54    22.79    36.65         9.61    22.90    36.74     0.153
  -28.98     0.42    -9.57       -28.99     0.46    -9.53     0.053
   13.80    -3.90    55.13        13.85    -3.94    55.13     0.067
   -0.00   -10.04    15.94        -0.01   -10.05    15.94     0.016
    2.90    27.73    28.66         2.81    27.58    28.66     0.176
   28.84    -6.13   -24.57        28.84    -6.15   -24.58     0.017
   -9.49    21.27    39.31        -9.47    21.30    39.29     0.042
   18.49     1.12    36.01        18.59     1.06    36.02     0.118
   36.74     3.22   -11.24        36.71     3.22   -11.24     0.034
   26.65   -13.04    -5.04        26.64   -13.05    -5.06     0.027
   20.89    16.30    33.80        20.99    16.31    33.82     0.099
    6.06     1.49   -20.33         6.08     1.51   -20.36     0.038
  -19.27   -14.65   -52.23       -19.26   -14.67   -52.29     0.064
  -32.94   -16.43    -5.49       -32.92   -16.42    -5.51     0.033
   -6.72     7.91    13.16        -6.74     7.91    13.16     0.023
  -27.66   -32.99   -15.54       -27.60   -32.93   -15.58     0.099
  -32.04     8.66   -35.73       -32.01     8.55   -35.70     0.124
  -35.29   -18.20   -45.67       -35.26   -18.19   -45.64     0.045
    8.07   -18.80    -3.39         8.04   -18.90    -3.38     0.107
  -30.86   -25.80    -7.87       -30.88   -25.81    -7.84     0.037
   11.94    -7.44    27.62        11.88    -7.28    27.60     0.172
    7.37     1.18    58.35         7.36     1.19    58.33     0.018
    8.80   -18.84    -4.04         8.77   -19.01    -4.06     0.174
   32.93     0.29   -21.23        32.90     0.30   -21.23     0.033
    5.08    12.08    57.97         5.08    12.08    57.97     0.001
  -31.64   -28.56   -11.54       -31.64   -28.56   -11.54     0.001
    0.75    -9.73   -26.16         0.71    -9.73   -26.13     0.057
   -5.61    24.92    17.01        -5.63    24.96    16.99     0.049
    0.82   -12.30    10.72         0.81   -12.37    10.75     0.083
   34.10    14.32   -11.31        34.16    14.34   -11.29     0.069
  -16.19   -25.16    -6.38       -16.20   -25.16    -6.40     0.022
    4.14   -16.17     0.53         4.12   -16.21     0.55     0.043
   -4.04   -23.37    -7.14        -4.03   -23.38    -7.16     0.014
   21.85    22.66    23.35        21.84    22.66    23.35     0.011
    9.13    -8.25    32.78         9.02    -8.05    32.76     0.229
   -4.86   -12.51     4.35        -4.84   -12.49     4.34     0.027
    8.60   -18.10     1.57         8.57   -18.13     1.60     0.054
   31.37    -0.68     8.12        31.38    -0.68     8.13     0.015
   15.79    -7.02    16.03        15.82    -7.10    16.04     0.083
   26.85    18.45    17.39        26.65    18.29    17.27     0.284
   12.09    29.58     5.19        12.17    29.48     5.18     0.126
    1.40   -11.66    13.41         1.35   -11.75    13.41     0.110
  -25.05     5.83   -44.29       -25.06     5.90   -44.37     0.106
  -41.79   -19.24   -15.69       -41.79   -19.24   -15.69     0.005
   19.33    15.13    39.98        19.32    15.13    39.98     0.002
   16.86   -18.42    -9.70        16.86   -18.43    -9.70     0.007
   25.76    24.50     8.96        25.78    24.51     8.96     0.023
  -13.19   -24.41   -46.80       -13.20   -24.43   -46.85     0.055
  -22.56   -17.87    -4.50       -22.56   -17.87    -4.49     0.015
   -4.09     4.81    45.40        -4.04     4.80    45.41     0.052
  -16.47   -20.75    -5.21       -16.45   -20.77    -5.17     0.058
   14.95    15.65    55.15        14.85    15.57    55.12     0.136
  -15.92     1.55    -1.03       -15.73     1.47    -1.13     0.236
    5.43   -19.43    -5.23         5.41   -19.36    -5.24     0.078
   14.92    30.81     2.47        14.94    30.77     2.48     0.048
    1.12   -10.12    50.41         1.16   -10.03    50.41     0.098
   16.29   -17.72   -11.21        16.29   -17.75   -11.22     0.040
  -25.03   -31.19   -39.61       -25.02   -31.11   -39.58     0.080
    5.26    17.82    52.73         5.28    17.70    52.70     0.132
  -15.14    13.39   -38.05       -15.14    13.42   -38.06     0.034
   16.90    25.38    28.25        16.89    25.47    28.33     0.122
  -29.86     1.72   -10.93       -29.85     1.66   -10.98     0.086
  -29.96   -13.57    -4.31       -29.96   -13.57    -4.35     0.041
   -8.54   -21.12   -43.75        -8.53   -21.12   -43.75     0.006
  -16.41   -34.90   -23.61       -16.40   -34.95   -23.60     0.041
  -17.77    -2.19    -1.45       -17.79    -2.18    -1.43     0.021
   12.99   -17.78   -10.29        12.99   -17.84   -10.32     0.066
    5.97    -9.52    49.78         5.98    -9.52    49.77     0.007
  -15.18   -22.46    -6.54       -15.21   -22.44    -6.59     0.062
   -7.19    -6.40    11.48        -7.18    -6.40    11.48     0.017
   21.72     4.98    28.38        21.62     5.02    28.36     0.103
   -4.47     4.38    50.98        -4.70     4.44    50.98     0.234
    6.96    21.34    45.53         6.90    21.18    45.45     0.187
   -7.27     5.65    12.94        -7.19     5.64    12.93     0.081
   14.93     4.27   -23.77        14.87     4.30   -23.85     0.108
   25.85    13.23    21.14        26.06    13.16    21.27     0.251
   23.28    20.08    23.09        23.29    20.09    23.09     0.017
   -7.16    -4.55    13.60        -7.17    -4.55    13.60     0.011
   -6.04   -24.22    -7.64        -6.07   -24.23    -7.56     0.085
  -23.93   -18.30   -50.86       -23.92   -18.28   -50.80     0.058
   14.85   -11.83     5.89        14.88   -11.88     5.92     0.061
   -1.48    -6.89    34.43        -1.28    -6.79    34.45     0.229
   18.84    10.61    46.32        18.88    10.62    46.32     0.040
    4.76    22.03     8.34         4.71    22.07     8.28     0.088
    5.86   -11.24    19.32         5.87   -11.27    19.33     0.032
   25.08   -14.37   -14.17        25.12   -14.38   -14.18     0.042
    2.86    -9.86    22.76         2.86    -9.90    22.76     0.044
  -43.99    -6.41   -15.28       -43.91    -6.42   -15.30     0.080
  -33.27   -20.82   -45.51       -33.25   -20.81   -45.50     0.027
   -6.92    10.87   -15.48        -6.92    10.78   -15.48     0.094
   33.94    10.57   -22.87        33.88    10.57   -22.84     0.069
  -13.80   -25.02   -46.54       -13.80   -25.03   -46.56     0.018
    1.01    28.63    18.76         0.96    28.49    18.78     0.146
   12.40    -6.46    40.60        12.41    -6.48    40.60     0.022
   22.99    17.93   -26.27        23.02    17.94   -26.32     0.063
   36.79     2.88    -8.47        36.75     2.89    -8.47     0.039
  -43.23    -4.35   -27.58       -43.20    -4.35   -27.58     0.026
   24.05     1.78    17.36        24.01     1.80    17.34     0.047
   -4.00     7.55    52.82        -4.10     7.58    52.83     0.106
  -29.22   -18.72   -49.42       -29.20   -18.71   -49.39     0.039
  -38.31    -3.52   -41.75       -38.28    -3.52   -41.74     0.034
  -15.18   -34.25   -19.83       -15.18   -34.27   -19.83     0.022
   -7.06    -2.58    16.21        -6.93    -2.55    16.17     0.137
  -16.07    16.41   -28.28       -16.08    16.25   -28.26     0.156
   -0.19    -7.91    34.70        -0.19    -7.94    34.70     0.025
  -33.98     1.67   -11.59       -33.98     1.64   -11.63     0.048
  -11.93   -22.82    -7.86       -11.93   -22.81    -7.87     0.010
   18.71    12.35   -29.11        18.71    12.36   -29.10     0.020
   16.94    18.73    45.72        16.95    18.73    45.72     0.004
   -4.01    10.64    37.20        -3.97    10.64    37.21     0.037
   14.58    12.24   -13.48        14.39    12.28   -13.48     0.193
  -40.35   -16.00   -10.04       -40.39   -16.00   -10.02     0.044
   33.12     5.97   -25.03        33.12     5.97   -25.03     0.000
   -1.59    -9.49    55.98        -1.35    -9.19    56.01     0.382
    1.96   -25.56   -16.12         1.95   -25.55   -16.13     0.025
   14.16    -2.04   -24.26        14.16    -2.04   -24.25     0.013
  -30.96   -34.53   -23.27       -30.92   -34.37   -23.29     0.166
  -12.84     2.04     2.25       -12.85     2.04     2.25     0.007
    3.69    -9.16    38.66         3.71    -8.98    38.65     0.179
  -41.26     1.35   -30.96       -41.20     1.32   -30.96     0.065
   -5.63    19.56    17.54        -5.55    19.58    17.59     0.100
   25.42    -8.66     1.50        25.44    -8.68     1.51     0.038
    2.18     0.25   -23.78         2.12     0.26   -23.71     0.094
    5.56    16.11     0.09         5.57    16.09     0.10     0.024
   17.42    12.46    50.31        17.52    12.52    50.34     0.122
   14.11     3.23   -23.64        14.11     3.23   -23.65     0.012
   15.92     2.10   -25.32        15.90     2.10   -25.35     0.028
    0.49    -8.82   -26.33         0.51    -8.82   -26.34     0.026
  -12.73   -28.55   -10.60       -12.71   -28.58   -10.58     0.036
  -29.43    12.44   -33.45       -29.46    12.50   -33.47     0.069
  -24.53    -7.54    -4.54       -24.53    -7.54    -4.50     0.047
  -33.50   -21.10    -7.26       -33.45   -21.07    -7.34     0.104
    8.35    24.31     4.12         8.38    24.30     4.13     0.033
  -26.82     8.40   -16.73       -26.82     8.43   -16.71     0.044
   -8.87   -32.63   -27.18        -8.98   -32.45   -27.16     0.209
   30.69    19.88    -7.10        30.69    19.88    -7.10     0.003
   35.88    10.78    -6.74        35.83    10.74    -6.75     0.056
   -6.12    23.65    17.48        -6.21    23.62    17.39     0.124
   35.28    -0.72    -0.53        35.26    -0.69    -0.54     0.043
    4.48   -20.13    -6.03         4.48   -20.13    -6.02     0.001
   24.85   -11.88    -2.33        24.85   -11.87    -2.34     0.023
   -2.81   -12.73   -34.13        -2.76   -12.71   -34.13     0.050
   -0.86    14.88    52.44        -0.91    14.96    52.47     0.091
   14.72    29.75   -12.53        14.69    29.80   -12.53     0.058
  -26.30     9.19   -40.46       -26.31     9.21   -40.47     0.018
    1.44    11.30   -10.73         1.43    11.37   -10.74     0.077
   -8.57   -27.37    -9.78        -8.57   -27.38    -9.77     0.018
   11.07    -7.22    45.84        11.09    -7.27    45.84     0.055
   36.75     3.12   -10.43        36.72     3.12   -10.43     0.027
  -12.72   -23.42   -47.70       -12.72   -23.45   -47.70     0.030
   23.91    27.28     0.87        23.95    27.34     0.87     0.077
    9.55    21.58     0.20         9.56    21.58     0.21     0.011
   12.83    -6.20    42.41        12.78    -6.16    42.40     0.059
   -1.84    -4.63    28.19        -1.82    -4.62    28.19     0.024
   34.13    -1.32     1.15        34.05    -1.26     1.13     0.095
  -16.13    -3.97   -51.95       -16.17    -4.02   -51.87     0.094
    0.26    -9.03    21.07         0.29    -8.97    21.06     0.067
    0.03    14.69     6.20         0.03    14.69     6.20     0.000
  -20.98     4.85   -45.76       -20.98     4.84   -45.76     0.006
   18.05    11.61    49.80        18.01    11.59    49.79     0.043
    8.13    26.03    29.22         8.12    26.00    29.21     0.029
    1.95    -2.55   -24.37         1.95    -2.55   -24.37     0.002
   29.30     0.29    10.10        29.31     0.28    10.13     0.029
  -29.69    12.55   -25.54       -29.67    12.48   -25.55     0.074
   -9.81   -32.68   -32.33        -9.83   -32.62   -32.33     0.063
    1.42    27.86    16.80         1.49    28.03    16.77     0.187
    8.57    24.72    32.48         8.55    24.77    32.50     0.053
   23.96    14.72    25.28        23.98    14.72    25.29     0.012
   10.21    -9.25    22.38        10.24    -9.27    22.39     0.035
  -20.41   -35.91   -31.88       -20.40   -36.07   -31.89     0.160
    3.85     6.34    58.86         3.88     6.36    58.80     0.074
  -37.14   -15.39   -44.95       -37.21   -15.44   -45.01     0.108
    9.43     3.49    57.70         9.44     3.48    57.72     0.019
    8.36    -3.32   -22.04         8.37    -3.33   -22.11     0.075
   -4.30    -0.96    44.96        -4.26    -0.96    44.97     0.045
   12.96    -9.13    14.59        13.03    -9.22    14.61     0.120
   10.67    21.17    46.94        10.63    21.27    46.95     0.108
    6.10    -9.03    35.45         6.10    -9.02    35.45     0.012
  -42.32   -12.12   -28.79       -42.33   -12.12   -28.80     0.016
   30.93    12.37   -26.05        30.90    12.34   -26.03     0.046
    7.70    11.43   -11.44         7.71    11.32   -11.38     0.129
   21.40    28.50   -19.36        21.34    28.43   -19.32     0.104
  -23.73   -33.54   -13.90       -23.75   -33.48   -13.95     0.082
  -43.95    -6.81   -21.26       -44.07    -6.81   -21.26     0.116
   -2.26    -4.01    32.73        -2.23    -4.00    32.74     0.025
    7.78    24.62     5.99         7.75    24.63     5.98     0.032
  -40.23    -0.26   -13.32       -40.30    -0.23   -13.28     0.085
   21.59    20.69    28.08        21.57    20.67    28.08     0.022
  -11.35   -25.30   -45.46       -11.36   -25.30   -45.45     0.014
   34.23    -0.37     2.74        34.33    -0.42     2.75     0.115
   25.29    17.73   -26.21        25.29    17.73   -26.21     0.001
   22.74    11.91   -28.73        22.74    11.91   -28.73     0.006
   26.26    25.70    -5.14        26.19    25.60    -5.14     0.121
  -43.89   -16.97   -21.64       -43.86   -16.96   -21.64     0.031
  -25.17   -28.71    -8.64       -25.21   -28.60    -8.73     0.143
   17.66    -0.10    36.91        17.73    -0.15    36.93     0.084
  -10.02    27.23    22.46        -9.91    27.13    22.51     0.154
   -9.75   -20.39    -7.79        -9.75   -20.37    -7.80     0.020
    1.98   -22.42   -31.44         1.99   -22.43   -31.45     0.011
   30.32    18.58   -21.31        30.34    18.65   -21.44     0.144
    3.63   -10.19    22.98         3.66   -10.14    22.96     0.060
   28.49     5.08   -28.75        28.45     5.09   -28.72     0.050
   18.93     5.99    54.33        18.77     5.97    54.31     0.154
  -18.20   -24.62    -6.26       -18.20   -24.61    -6.20     0.061
   23.36     6.68   -29.56        23.37     6.69   -29.55     0.016
   -5.03     1.28    51.35        -4.98     1.27    51.36     0.047
   -4.52   -17.24   -38.30        -4.52   -17.23   -38.30     0.004
    1.63    -8.47   -25.18         1.62    -8.47   -25.18     0.007
   -3.81    13.39    11.62        -3.79    13.38    11.63     0.029
   -0.79     9.23   -16.51        -0.80     9.19   -16.48     0.047
  -41.04     4.30   -22.92       -41.03     4.30   -22.92     0.006
   12.03    29.93    15.29        11.99    30.03    15.31     0.106
  -22.59   -10.85    -3.64       -22.61   -10.85    -3.59     0.057
  -35.24     4.59   -11.56       -35.24     4.59   -11.56     0.002
   -1.37    -7.42    20.97        -1.31    -7.39    20.96     0.060
   25.12   -11.95   -14.69        25.11   -11.95   -14.68     0.016
   24.48    22.22    16.84        24.44    22.20    16.82     0.052
   36.42     8.80   -12.40        36.56     8.75   -12.45     0.158
   16.32    16.23    50.27        16.27    16.23    50.25     0.061
   -5.62    -1.81   -34.39        -5.66    -1.83   -34.38     0.047
  -41.30   -11.71   -10.49       -41.40   -11.71   -10.46     0.105
   -3.41    10.55    50.13        -3.52    10.57    50.17     0.118
  -15.42   -26.47   -46.17       -15.43   -26.42   -46.05     0.135
   20.23    10.67    38.68        20.29    10.68    38.70     0.063
   37.03     8.83   -10.21        36.99     8.84   -10.21     0.042
   17.63    -6.32    15.32        17.67    -6.40    15.35     0.095
  -21.31   -12.61    -3.21       -21.31   -12.62    -3.19     0.015
    0.98    -9.11    22.16         0.83    -9.28    22.16     0.223
   -1.50    -9.13    15.62        -1.46    -8.95    15.62     0.187
   36.68     1.84    -5.73        36.58     1.87    -5.73     0.104
   12.32    -6.41    48.43        12.40    -6.46    48.43     0.103
    9.59   -12.63    10.92         9.52   -12.51    10.88     0.144
   10.94    -8.45    22.13        10.98    -8.48    22.14     0.051
  -31.07   -31.38   -15.86       -31.03   -31.28   -15.93     0.125
   15.85     3.75    56.87        15.85     3.75    56.85     0.018
  -12.33    20.70    27.65       -12.40    20.64    27.62     0.097
  -37.94   -26.76   -33.25       -37.94   -26.76   -33.25     0.002
    3.53    15.77     1.44         3.52    15.78     1.44     0.005
   17.52     2.90    56.40        17.53     2.89    56.41     0.014
   15.21    -3.60    41.23        15.20    -3.60    41.23     0.007
   14.99    23.22    31.50        15.05    23.38    31.57     0.189
   14.44     9.56   -17.25        14.33     9.61   -17.28     0.121
   -5.52     1.05   -31.90        -5.47     1.11   -31.95     0.096
  -31.32     6.50   -40.47       -31.34     6.54   -40.50     0.060
    2.71   -14.87     4.12         2.69   -15.01     4.15     0.153
   24.42    10.71    23.95        24.41    10.71    23.94     0.013
   31.32    -3.68   -12.56        31.39    -3.77   -12.56     0.115
   12.19     6.00   -19.06        12.22     5.97   -19.04     0.041
    3.51    19.36    50.79         3.49    19.39    50.83     0.061
   -1.64    29.75    22.01        -1.59    29.90    21.99     0.166
   13.43    29.93     1.68        13.46    29.88     1.69     0.054
    0.22    19.67    12.32         0.22    19.67    12.31     0.010
   31.66    -3.73   -15.23        31.67    -3.74   -15.23     0.014
   13.12    -7.43    21.54        13.10    -7.38    21.52     0.053
   35.08     3.94   -17.19        35.14     3.93   -17.21     0.062
   19.44    30.92   -15.85        19.45    30.87   -15.85     0.046
   30.52    20.96   -17.41        30.54    20.98   -17.41     0.028
   16.07    28.09    22.30        16.08    28.11    22.31     0.029
  -28.19   -16.42    -3.96       -28.18   -16.40    -4.02     0.058
    7.04    22.13    42.39         7.06    22.06    42.39     0.070
    3.70    19.97    50.54         3.75    19.80    50.48     0.181
  -18.39   -35.54   -24.57       -18.39   -35.53   -24.58     0.020
   18.97    25.44   -25.91        18.97    25.44   -25.91     0.002
   18.07    14.26    45.41        18.06    14.26    45.41     0.010
   31.95    -0.31     7.87        31.89    -0.27     7.82     0.078
   13.45    27.62   -27.72        13.46    27.66   -27.74     0.049
   -0.10    -8.43    46.65        -0.10    -8.43    46.65     0.003
  -41.42   -17.93   -13.76       -41.45   -17.95   -13.75     0.031
   12.64    -1.00   -23.78        12.63    -1.00   -23.82     0.041
   -0.91   -22.26   -34.23        -0.92   -22.24   -34.21     0.026
   18.61     9.08    51.67        18.60     9.07    51.67     0.015
   13.95    -4.40    50.54        13.89    -4.36    50.53     0.080
   22.49     8.04    27.91        22.57     8.02    27.93     0.082
   -3.83    13.01    44.41        -3.81    13.01    44.40     0.028
   -6.06   -26.47    -9.09        -6.06   -26.49    -9.08     0.025
   -7.29     5.37    12.45        -7.30     5.37    12.45     0.005
  -29.19   -27.27    -7.71       -29.19   -27.27    -7.70     0.018
  -16.74     8.53   -13.10       -16.71     8.46   -13.13     0.080
   20.90    29.72   -14.85        20.94    29.77   -14.84     0.071
    8.57    23.02     2.82         8.56    23.02     2.82     0.010
   13.67    13.37    -9.05        13.64    13.41    -9.07     0.058
   17.53     2.98    56.74        17.40     3.05    56.62     0.184
    6.50   -15.49   -17.65         6.50   -15.47   -17.63     0.026
  -16.91   -11.26    -2.68       -16.91   -11.28    -2.63     0.054
   30.75    -4.11     1.80        30.86    -4.25     1.83     0.183
  -22.94    -8.32    -4.03       -22.97    -8.31    -3.97     0.065
   35.41     0.97   -13.55        35.32     1.02   -13.53     0.105
   13.76    16.71    55.46        13.76    16.71    55.46     0.000
  -39.76   -25.86   -20.13       -39.78   -25.87   -20.12     0.019
  -21.69   -19.88    -4.84       -21.69   -19.88    -4.84     0.003
   17.01    24.01    29.73        16.99    23.98    29.70     0.042
   16.31     9.39   -22.85        16.15     9.41   -22.94     0.191
   -3.43     3.49    33.75        -3.46     3.49    33.75     0.028
   30.85     3.33    10.03        30.82     3.36     9.97     0.071
    0.58    29.00    28.00         0.58    29.01    28.00     0.006
    5.25   -14.39     8.68         5.25   -14.34     8.66     0.051
   25.58     5.50   -30.23        25.59     5.51   -30.27     0.047
   -8.99     1.48     9.60        -9.01     1.49     9.61     0.028
    4.96    18.65    50.68         4.96    18.63    50.67     0.024
   19.84     0.71    26.47        20.10     0.59    26.55     0.298
  -28.75   -25.74    -6.87       -28.74   -25.71    -6.90     0.043
  -23.44     0.39    -7.05       -23.48     0.44    -7.01     0.081
   11.64   -11.51    10.05        11.73   -11.66    10.11     0.181
   -7.13     5.85   -30.59        -7.09     5.87   -30.59     0.042
    4.59    23.20    10.13         4.55    23.25    10.10     0.069
   31.64     4.11     9.58        31.66     4.10     9.60     0.031
  -39.50   -13.00   -42.38       -39.46   -12.99   -42.36     0.044
   -4.22   -24.35    -7.15        -4.22   -24.35    -7.19     0.042
  -17.10    -0.38   -50.00       -17.10    -0.37   -50.00     0.006
    4.30    16.77     2.14         4.36    16.67     2.18     0.119
  -11.06    15.37   -28.99       -11.11    15.23   -28.97     0.145
  -14.61   -24.80    -6.80       -14.62   -24.81    -6.81     0.011
   17.38     8.88   -26.49        17.48     8.92   -26.40     0.139
  -24.98   -34.76   -17.19       -24.98   -34.71   -17.20     0.058
  -28.90   -35.33   -27.13       -28.90   -35.33   -27.13     0.003
   -6.78   -25.50    -7.87        -6.78   -25.49    -7.88     0.018
   -4.83    -0.55    50.12        -4.79    -0.55    50.12     0.039
   -3.02    13.80    10.25        -2.94    13.74    10.29     0.106
   -3.53     3.87    36.16        -3.53     3.87    36.16     0.005
   36.00    11.47   -11.11        35.94    11.44   -11.11     0.068
  -31.29   -34.51   -30.20       -31.24   -34.44   -30.18     0.087
    1.27    -8.40    33.94         1.24    -8.43    33.94     0.043
  -19.07   -13.55   -52.21       -19.06   -13.56   -52.13     0.075
   15.83    28.06    22.33        15.85    28.15    22.36     0.093
    9.64    25.66    31.04         9.64    25.66    31.04     0.000
   -7.54   -14.77   -41.40        -7.58   -14.78   -41.38     0.047
  -17.01    15.34   -34.57       -17.01    15.30   -34.55     0.041
    4.33    -8.27   -23.12         4.36    -8.27   -23.15     0.045
   29.64    22.52   -14.24        29.73    22.58   -14.25     0.111
   19.88    -5.79    13.27        19.88    -5.80    13.27     0.015
   18.19    -0.44   -26.92        18.20    -0.44   -26.90     0.022
    9.67    27.75    24.56         9.70    27.63    24.53     0.131
    7.37    -7.65    58.05         7.39    -7.66    58.11     0.067
   -3.18    -5.54    57.86        -3.23    -5.56    57.93     0.090
   14.13    17.23   -10.96        14.21    17.22   -10.95     0.076
   15.14    -3.15    45.29        15.06    -3.08    45.29     0.110
   26.84    -6.47   -24.75        26.84    -6.43   -24.72     0.052
  -17.80   -33.40   -36.66       -17.81   -33.37   -36.64     0.041
  -28.19    13.74   -31.79       -28.21    13.78   -31.78     0.045
  -22.29   -24.70    -6.19       -22.29   -24.71    -6.17     0.020
  -29.99    12.13   -34.16       -29.94    12.01   -34.11     0.138
  -36.44   -30.64   -29.80       -36.44   -30.64   -29.80     0.001
   19.12    18.90    38.55        19.12    18.90    38.55     0.001
   11.03    10.07    57.41        11.03    10.07    57.39     0.011
   24.44     7.24    22.03        24.46     7.24    22.03     0.020
  -10.91    23.21    37.77       -10.91    23.21    37.77     0.001
   -3.59     7.79    43.46        -3.63     7.79    43.46     0.046
   -7.94   -27.29   -37.16        -7.88   -27.33   -37.19     0.080
    8.48    19.08    52.16         8.38    19.22    52.23     0.176
   29.68     8.97    13.78        29.72     8.96    13.81     0.050
   13.62     0.53   -24.15        13.62     0.53   -24.13     0.022
   20.49    -5.46    13.26        20.44    -5.41    13.23     0.075
  -39.62   -17.38   -36.57       -39.58   -17.40   -36.56     0.043
    5.12    15.99    57.09         5.12    15.96    57.03     0.063
    1.41   -14.54   -23.97         1.35   -14.52   -23.93     0.071
   16.86    11.97    55.19        16.91    12.03    55.20     0.089
   12.39    26.17   -29.57        12.37    26.19   -29.59     0.028
  -26.68     2.50   -46.43       -26.67     2.50   -46.43     0.002
   10.17    22.35    38.32        10.20    22.26    38.32     0.099
  -44.09    -6.40   -17.11       -44.14    -6.40   -17.10     0.053
   35.94     7.30   -13.92        35.88     7.31   -13.90     0.069
   19.03    -0.55    29.53        18.96    -0.52    29.52     0.078
    7.25    21.89    42.81         7.27    21.99    42.84     0.101
    6.27   -10.12    56.02         6.31   -10.19    56.01     0.086
   11.72    22.57    40.90        11.78    22.34    40.86     0.238
  -28.45   -29.91   -40.58       -28.43   -29.86   -40.56     0.059
   12.07    21.07    -2.69        12.16    21.09    -2.66     0.102
   -1.36   -24.36   -32.84        -1.33   -24.40   -32.88     0.065
   36.40     1.85   -10.98        36.34     1.88   -10.97     0.065
   12.71    -6.55    29.54        12.76    -6.69    29.55     0.148
   16.07    10.94   -21.97        16.13    10.93   -21.95     0.069
   -8.58    23.03    40.17        -8.61    23.04    40.21     0.049
   16.29    -1.32    44.65        16.32    -1.34    44.65     0.044
    3.13   -23.84   -15.21         3.17   -23.86   -15.21     0.039
   33.19    14.68    -2.74        33.16    14.66    -2.74     0.035
  -32.75   -29.89   -15.18       -32.72   -29.85   -15.22     0.069
   27.70    21.93   -20.56        27.76    22.01   -20.62     0.110
    3.75   -14.89     4.70         3.77   -14.71     4.70     0.177
   -0.05   -12.93     8.35        -0.02   -12.86     8.32     0.078
    0.89    -9.26    20.75         0.82    -9.37    20.77     0.131
   15.55    14.67    53.61        15.45    14.65    53.58     0.110
   16.23   -14.60    -0.51        16.22   -14.59    -0.51     0.020
  -11.79    20.94    22.85       -11.80    20.93    22.84     0.016
  -23.77    11.76   -21.11       -23.76    11.80   -21.05     0.077
  -38.02   -17.61    -7.44       -38.02   -17.61    -7.41     0.031
   -8.85   -22.83    -8.22        -8.85   -22.83    -8.22     0.001
  -17.27   -34.64   -20.28       -17.26   -34.67   -20.27     0.034
   16.20    27.49    24.38        16.21    27.50    24.38     0.012
